1639354694.043792      0.271241      
1639354694.7927868      0.227795      
1639354695.0060716      0.220375      
1639354695.5402298      0.224183      
1639354695.7940695      0.227950      
1639354696.2933056      0.226985      
1639354696.545175      42537.769531      
1639354696.933031      13237.698242      
1639354697.145323      5067.319336      
1639354697.8943462      17356.187500      
1639354698.0425856      13389.573242      
1639354698.5378277      1438.242310      
1639354698.7928174      551.794983      
1639354699.3912501      42.993004      
1639354699.9277534      4.783771      
1639354700.1407297      1.968272      
1639354700.6759362      0.404351      
1639354700.889909      0.288924      
1639354701.0367985      0.269766      
1639354701.4252808      0.225628      
1639354701.6390877      0.221532      
1639354702.1764996      0.220252      
1639354702.3881612      0.218142      
1639354702.9258814      0.218951      
1639354703.1372778      0.219985      
1639354703.6733327      0.218361      
1639354703.886677      0.218239      
1639354704.4238236      0.218013      
1639354704.6362464      0.217489      
1639354705.2905984      0.218487      
1639354706.1656265      0.221141      
1639354709.6657784      0.217707      
1639354709.9219143      0.218259      
1639354710.4150608      0.223416      
1639354710.6688552      0.217660      
1639354711.4173589      0.218512      
1639354711.914704      0.219807      
1639354712.5552208      0.217496      
1639354712.6616387      0.217204      
1639354712.7673721      0.224106      
1639354712.875143      0.219331      
1639354713.0913851      0.218477      
1639354713.1961582      0.217563      
1639354713.303107      0.221904      
1639354713.4107995      0.218160      
1639354713.5181742      0.219183      
1639354713.624877      0.217692      
1639354713.7309027      0.217023      
1639354713.8401282      0.222689      
1639354714.1601527      0.220480      
1639354714.265103      0.219365      
1639354714.4114943      0.218005      
1639354714.7985      0.218571      
1639354715.013148      0.216428      
1639354715.5508661      0.217440      
1639354715.7615893      0.217787      
1639354716.295128      0.217660      
1639354716.5109768      0.220860      
1639354717.0482075      0.220010      
1639354717.798239      0.218870      
1639354718.440122      0.220511      
1639354718.6538267      0.218784      
1639354718.8005998      0.218702      
1639354719.297105      0.222914      
1639354719.5089512      0.222506      
1639354720.0473      0.219152      
1639354720.298155      0.218417      
1639354720.7945051      0.219028      
1639354721.0076213      0.221831      
1639354721.543311      0.221370      
1639354721.6900928      0.221637      
1639354722.2906754      0.216722      
1639354722.544548      0.216974      
1639354723.0412986      0.216140      
1639354723.6815698      0.219457      
1639354723.89344      0.217934      
1639354725.1807134      0.216913      
1639354725.3908963      0.217989      
1639354725.9284344      0.218956      
1639354726.1408627      0.217068      
1639354726.6766367      0.217901      
1639354727.4249225      0.217035      
1639354727.6392832      0.219725      
1639354728.1766794      0.216662      
1639354728.387239      0.219135      
1639354728.925987      0.218709      
1639354729.1380682      0.218370      
1639354729.6744168      0.218995      
1639354729.9282331      0.217139      
1639354730.4240026      0.223099      
1639354731.172926      0.219644      
1639354731.4255147      0.217073      
1639354731.9214392      0.215786      
1639354732.1310027      0.218879      
1639354732.6705554      0.221524      
1639354732.8051903      0.220663      
1639354733.420503      0.220472      
1639354734.1697428      0.219036      
1639354734.3816168      0.218034      
1639354734.9171417      0.218031      
1639354735.1701846      0.219520      
1639354735.6640236      0.222265      
1639354736.4157062      0.218533      
1639354736.562156      0.219274      
1639354736.6284695      0.215968      
1639354736.843507      0.221074      
1639354737.056298      0.219882      
1639354737.1645916      0.221226      
1639354737.3116891      0.217902      
1639354737.3784      0.217888      
1639354737.5924597      0.219979      
1639354737.7003968      0.220247      
1639354737.8035774      0.218977      
1639354737.9127634      0.217552      
1639354738.0206165      0.219168      
1639354738.1272297      0.218503      
1639354738.232273      0.215986      
1639354738.3417215      0.229805      
1639354738.4477036      0.219745      
1639354738.5548043      0.221402      
1639354738.6611335      0.219125      
1639354738.7697551      0.216759      
1639354738.8770432      0.222942      
1639354738.984255      0.219003      
1639354739.0892658      0.217767      
1639354739.198102      0.216350      
1639354739.3030756      0.215639      
1639354739.4100847      0.222011      
1639354739.5175025      0.217881      
1639354739.6243277      0.219694      
1639354739.7302933      0.220343      
1639354739.8385222      0.220967      
1639354739.945221      0.221250      
1639354740.0525293      0.221379      
1639354740.1600437      0.219028      
1639354740.2675214      0.217955      
1639354740.3728726      0.216408      
1639354740.4785886      0.220621      
1639354740.5863001      0.220518      
1639354740.6960135      0.219536      
1639354740.8007946      0.218981      
1639354740.9102836      0.218889      
1639354741.0151465      0.221653      
1639354741.1227794      0.218815      
1639354741.2308974      0.223131      
1639354741.442321      0.217999      
1639354741.5472128      0.216072      
1639354742.2995977      0.220787      
1639354742.5548136      0.222169      
1639354743.048622      0.232428      
1639354743.2606177      0.222011      
1639354743.6918523      0.223302      
1639354743.838133      0.219966      
1639354744.1185746      0.218874      
1639354744.547537      0.218009      
1639354744.7590117      0.218883      
1639354745.2920241      0.216301      
1639354745.5099666      0.217912      
1639354746.0460515      0.217258      
1639354746.3650138      0.216695      
1639354746.4697118      0.220332      
1639354746.687076      0.217626      
1639354746.7927818      0.220271      
1639354746.8994925      0.220318      
1639354747.0072038      0.217334      
1639354747.113944      0.217439      
1639354747.2206354      0.221753      
1639354747.3273478      0.219894      
1639354747.4350753      0.216780      
1639354747.5427723      0.217039      
1639354747.6484904      0.220461      
1639354747.755203      0.215121      
1639354747.8958502      0.221004      
1639354747.9716437      0.217096      
1639354748.075994      0.217573      
1639354748.1847053      0.229342      
1639354748.2914197      0.220856      
1639354748.3986175      0.220374      
1639354748.5063415      0.220231      
1639354748.6114907      0.220215      
1639354748.7192023      0.216052      
1639354748.8229253      0.218695      
1639354748.9500446      0.216645      
1639354749.0411613      0.215146      
1639354749.1467123      0.215239      
1639354749.253264      0.221307      
1639354749.3626616      0.219297      
1639354749.4690032      0.221139      
1639354749.575296      0.220099      
1639354749.6835773      0.222030      
1639354749.7917573      0.219494      
1639354749.8943253      0.220370      
1639354750.0042455      0.223413      
1639354750.1100788      0.219257      
1639354750.2180037      0.220499      
1639354750.3253596      0.221124      
1639354750.4320326      0.218406      
1639354750.5389123      0.217992      
1639354750.6463647      0.215435      
1639354750.7535386      0.217296      
1639354750.8598645      0.217242      
1639354750.9638894      0.216170      
1639354751.0739162      0.218318      
1639354751.1801012      0.218902      
1639354751.2880075      0.219176      
1639354751.3939502      0.222145      
