1639309834.563869      0.171726      
1639309836.5693226      0.167310      
1639309838.5762815      0.177818      
1639309840.5848265      0.180421      
1639309842.5913985      0.173136      
1639309844.5951412      0.179821      
1639309846.6033494      0.169224      
1639309848.6093364      0.180459      
1639309850.617043      0.179018      
1639309852.624077      0.178468      
1639309854.6317194      0.176393      
1639309856.6393337      0.169922      
1639309858.6453953      0.169401      
1639309860.6534193      0.179018      
1639309862.658866      0.268777      
1639309864.6673417      0.407067      
1639309866.6752167      0.450994      
1639309884.7721019      0.267383      
1639309886.771108      0.294675      
1639309888.773083      0.323666      
1639309890.7701278      0.356227      
1639309892.7708135      0.385557      
1639309894.7731054      0.410387      
1639309896.7778285      0.442140      
1639309898.7830253      0.475237      
1639309900.7931607      0.523726      
1639309908.8192835      0.719925      
1639309910.8261049      0.775720      
1639309912.8321414      0.836852      
1639309914.841273      0.893547      
1639309916.8475022      0.954895      
1639309918.8551579      1.023860      
