1639311838.0082781      0.181223      
1639311840.014462      0.170702      
1639311842.0211208      0.173009      
1639311844.0288897      0.175433      
1639311846.0343065      0.170690      
1639311848.0400333      0.168493      
1639311850.0494769      0.175282      
1639311852.0582397      0.171769      
1639311854.0623035      0.181708      
1639311856.0693367      0.170983      
1639311858.0762646      0.173401      
1639311860.0839934      0.173626      
1639311862.0913756      0.235126      
1639311864.0983422      0.395763      
1639311866.1066985      0.466984      
1639311876.1778443      0.450526      
1639311882.1591623      0.353682      
1639311914.3052378      0.257110      
1639311916.3071532      0.256722      
1639311918.2837372      0.257514      
1639311920.2918506      0.258872      
1639311922.2967727      0.258343      
1639311924.3040516      0.264454      
