1639312719.3732195      0.170120      
1639312721.3805916      0.170447      
1639312723.3867264      0.165408      
1639312725.3934236      0.171048      
1639312727.3981268      0.164498      
1639312729.4065368      0.159724      
1639312731.4128177      0.164302      
1639312733.4200227      0.163668      
1639312735.426925      0.163316      
1639312737.4345334      0.174360      
1639312739.4415522      0.162178      
1639312741.4499168      0.165411      
1639312743.4544208      0.169871      
1639312745.463629      0.159782      
1639312747.4711664      0.164938      
1639312749.4775572      0.160803      
1639312751.4853547      0.162986      
1639312753.490842      0.158713      
1639312755.4985301      0.158884      
1639312757.5045018      0.156878      
1639312759.512164      0.158811      
1639312761.517315      0.162605      
1639312763.525676      0.162870      
1639312765.5319219      0.160114      
1639312767.5404365      0.164347      
1639312769.5482187      0.164316      
1639312771.5515602      0.162735      
1639312773.5619204      0.160134      
1639312775.566562      0.162657      
1639312777.5758743      0.161646      
1639312779.5803742      0.164894      
1639312781.5901082      0.171138      
1639312783.594961      0.162920      
1639312785.6029902      0.170369      
1639312787.6096056      0.160029      
1639312789.6164963      0.164231      
1639312791.624188      0.166772      
1639312793.6287303      0.161868      
1639312795.6387615      0.172333      
1639312797.643926      0.170895      
1639312799.6529598      0.163814      
1639312801.6579223      0.162848      
1639312803.665203      0.161646      
1639312805.672258      0.172583      
1639312807.6785798      0.170875      
1639312809.6871352      0.159567      
1639312811.692605      0.161222      
1639312813.7015088      0.162001      
1639312815.707096      0.161173      
1639312817.7132251      0.165374      
1639312819.718839      0.165651      
1639312821.728652      0.159024      
1639312823.7365563      0.158278      
1639312825.7409928      0.162438      
1639312827.74881      0.161614      
1639312829.7542617      0.156332      
1639312831.7625828      0.161402      
1639312833.7680218      0.172635      
1639312835.7767243      0.159532      
1639312837.7814047      0.160767      
1639312839.790185      0.161268      
1639312841.7980764      0.164170      
1639312843.8036206      0.171300      
1639312845.8114762      0.161666      
1639312847.8179407      0.161681      
1639312849.8252594      0.170325      
1639312851.8300626      0.162740      
1639312853.838975      0.158145      
1639312855.846007      0.161973      
1639312857.8594348      0.162297      
1639312859.861038      0.160854      
1639312861.866538      0.167398      
1639312863.874627      0.162162      
1639312865.8799193      0.162598      
1639312867.8876128      0.173248      
1639312869.8926022      0.162627      
1639312871.9018316      0.162347      
1639312873.909583      0.160692      
1639312875.9165115      0.172010      
1639312877.9224384      0.162412      
1639312879.9284272      0.161648      
1639312881.9361656      0.160176      
1639312883.942815      0.163489      
1639312885.9512181      0.163228      
1639312887.9561744      0.180417      
1639312889.9633932      0.348902      
1639312891.9691548      0.468261      
1639312893.9782803      0.518253      
1639312895.9855304      0.521763      
1639312899.9972963      0.494784      
1639312902.0056486      0.465495      
1639312904.0122225      0.421213      
1639312906.0185282      0.359899      
1639312908.0257628      0.301559      
1639312910.0345538      0.244792      
1639312912.042002      0.263871      
1639312914.0471952      0.255506      
1639312932.1485558      0.243635      
1639312934.1472988      0.245325      
1639312936.1481435      0.246127      
1639312938.1442463      0.289558      
1639312942.143775      0.448444      
1639312946.1569858      0.587312      
