1639865868.0406127      89      
1639865869.049113      97      
1639865870.0519948      97      
1639865872.0629787      96      
1639865873.0680575      97      
1639865874.0698507      97      
1639865875.0770054      97      
1639865876.08118      94      
1639865878.090544      94      
1639865879.095687      87      
1639865880.0997796      96      
1639865881.107318      95      
1639865882.113698      92      
1639865883.1164975      95      
1639865884.1203122      96      
1639865885.1270423      95      
1639865886.131787      88      
1639865887.135342      125      
1639865888.1406538      158      
1639865889.1483185      169      
1639865890.1512492      163      
1639865891.1584601      165      
1639865892.1623788      186      
1639865893.1650476      261      
1639865894.1741347      368      
1639865895.1778872      497      
1639865896.1813965      617      
1639865897.1870503      743      
1639865898.1928246      871      
1639865899.1945612      1007      
1639865900.2020025      1144      
