1639867402.4699042      88      
1639867403.477205      96      
1639867404.4800317      96      
1639867405.484753      94      
1639867406.4892597      143      
1639867407.4937828      162      
1639867408.503026      162      
1639867409.5050075      157      
1639867410.508575      210      
1639867411.5163348      312      
1639867412.5233073      437      
1639867413.5246966      566      
1639867415.5366414      838      
1639867416.5394511      987      
1639867421.5672686      1299      
1639867422.5695922      1284      
1639867423.5744507      1285      
1639867424.5788517      1299      
1639867425.585277      1283      
1639867427.5942016      713      
1639867428.5993848      361      
1639867429.6030338      257      
1639867430.6121569      212      
1639867431.614801      98      
1639867432.6189609      94      
1639867433.625225      94      
1639867434.6306784      83      
1639867435.6331625      96      
