1639870729.8515763      94      
1639870730.8576365      94      
1639870731.861671      95      
1639870732.8655195      93      
1639870733.8729572      143      
1639870734.8773055      179      
1639870735.8810947      179      
1639870736.887662      204      
1639870737.892007      314      
1639870738.89554      450      
1639870739.9030554      601      
1639870740.9044948      745      
1639870741.9102802      889      
1639870742.9165916      1035      
1639870743.9211757      1182      
1639870744.926977      1285      
1639870745.9283743      1300      
1639870746.9362693      1294      
1639870747.938743      1301      
1639870748.943491      1301      
1639870749.947925      1299      
1639870750.9563966      1284      
1639870751.9601073      840      
1639870752.9660664      379      
1639870753.9706528      213      
1639870754.975908      321      
1639870755.981763      390      
1639870756.9843674      476      
1639870757.9914598      571      
1639870758.9958158      697      
1639870760.0017016      826      
1639870761.0058787      765      
1639870762.010467      269      
1639870763.015336      147      
1639870764.0215628      94      
1639870765.025408      93      
1639870766.0286648      95      
