1639867137.925673      96      
1639867138.9311364      95      
1639867139.9354482      95      
1639867140.9406073      95      
1639867141.9441004      142      
1639867142.948856      161      
1639867143.9533374      145      
1639867144.958778      153      
1639867145.9632225      160      
1639867146.967537      172      
1639867147.976335      211      
1639867148.9778514      339      
1639867149.9836307      472      
1639867150.9891503      606      
1639867151.9938278      746      
1639867154.0055685      1011      
1639867164.0545425      1264      
1639867165.058688      982      
1639867166.0642607      615      
1639867167.0679476      332      
1639867169.0799181      198      
1639867170.0846646      251      
1639867171.0894778      215      
1639867172.0966291      95      
1639867173.09921      96      
1639867174.103223      96      
1639867175.111007      95      
