1639867233.3816116      95      
1639867234.3856773      96      
1639867235.3906991      88      
1639867236.398003      94      
1639867237.400014      102      
1639867238.4082012      147      
1639867239.4117317      170      
1639867240.4153326      164      
1639867241.4236596      176      
1639867242.4253325      171      
1639867243.4308543      204      
1639867244.436668      250      
1639867245.4416258      298      
1639867246.4444463      357      
1639867247.4528465      425      
1639867248.4554517      488      
1639867249.4599776      559      
1639867250.466463      631      
1639867251.4720848      705      
1639867252.476627      788      
1639867253.4816096      869      
1639867254.485419      940      
1639867258.5053961      1280      
1639867259.5094948      1285      
1639867260.5151742      1291      
1639867261.521103      1072      
1639867262.5237284      618      
1639867263.5298061      352      
1639867264.5374122      133      
1639867265.5390537      147      
1639867266.5468607      88      
1639867267.5510623      94      
1639867268.5547996      95      
1639867269.5611281      96      
