1639869980.0307443      97      
1639869981.0372608      98      
1639869982.041277      101      
1639869983.0479157      93      
1639869984.0531573      135      
1639869985.0586514      175      
1639869986.0624      183      
1639869987.065485      188      
1639869988.0715976      184      
1639869989.0777266      188      
1639869990.0795393      215      
1639869991.0875754      280      
1639869992.092131      363      
1639869993.095571      448      
1639869994.101413      541      
1639869995.10758      639      
1639869996.1126275      730      
1639869997.1168075      823      
1639869998.1203291      925      
1639869999.1277597      1017      
1639870000.1313984      1121      
1639870001.1363437      1218      
1639870002.1420557      1288      
1639870003.147013      1301      
1639870004.153433      1302      
1639870005.1565528      1301      
1639870006.158404      1294      
1639870007.1658926      1302      
1639870008.1727915      1303      
1639870009.1748292      1295      
1639870010.1823971      1161      
1639870011.186234      973      
1639870012.1911273      938      
1639870013.1965356      973      
1639870014.1994808      986      
1639870016.2120707      834      
1639870017.216465      287      
1639870018.2222245      186      
1639870019.2272687      101      
1639870020.2303464      109      
1639870021.2349348      97      
