1639865456.8783724      81      
1639865457.8815928      80      
1639865458.8890195      79      
1639865459.8939989      79      
1639865460.8973157      113      
1639865461.9041512      158      
1639865462.9087687      160      
1639865463.9132571      167      
1639865464.9168513      176      
1639865465.925072      188      
1639865466.9265475      188      
1639865467.9339318      176      
1639865468.937861      164      
1639865469.9437659      163      
1639865470.9490156      164      
1639865471.9518068      175      
1639865472.9574904      164      
1639865473.9613428      164      
1639865474.9666147      164      
1639865475.9741435      162      
1639865476.9786975      169      
1639865477.983324      164      
1639865478.9899323      174      
1639865479.992849      165      
1639865480.995664      165      
1639865482.0032396      163      
1639865483.0057077      166      
1639865484.0121298      167      
1639865485.0187902      165      
1639865486.0222845      161      
1639865487.0276082      165      
1639865488.0341015      168      
1639865489.038783      186      
1639865490.0412261      212      
1639865491.0498328      241      
1639865492.052179      273      
1639865493.0580876      322      
1639865494.063964      368      
1639865495.067997      407      
1639865496.0719569      460      
1639865497.0780673      501      
1639865498.0838468      566      
1639865499.0853343      609      
1639865500.0945356      666      
1639865501.0990434      722      
1639865502.1017776      783      
1639865503.1080494      844      
1639865504.1137145      898      
1639865505.1158977      970      
1639865506.1229846      1036      
1639865507.126987      1106      
1639865508.1307259      1171      
1639865509.1370592      1246      
1639865510.1423028      1285      
1639865511.1476548      1286      
1639865512.1517613      1287      
1639865513.1583805      1287      
1639865514.1638281      1289      
1639865515.1651525      1290      
1639865516.1734533      1288      
1639865517.1763725      1288      
1639865518.1826835      1287      
1639865519.1863708      1286      
1639865520.192401      1291      
1639865521.197586      1288      
1639865522.2019913      1301      
1639865523.2076702      1287      
1639865524.2169776      1286      
1639865525.2185693      1288      
1639865526.2241828      1286      
1639865527.22654      1289      
1639865528.231326      1286      
1639865529.236117      1291      
1639865530.2413197      1286      
1639865531.2452176      1288      
1639865532.2524908      1286      
1639865533.25677      1287      
1639865534.2614207      1289      
1639865535.268729      1288      
1639865536.2712386      1286      
1639865537.2748563      1293      
1639865538.2829185      1289      
1639865539.285474      1287      
1639865540.290728      1291      
1639865541.2978575      1287      
1639865542.300479      1288      
1639865543.3054452      1286      
1639865544.3109381      1286      
1639865545.3180554      1289      
1639865546.3222582      1286      
1639865547.3271813      1286      
1639865548.3329005      1289      
1639865549.33466      1285      
1639865550.342308      1287      
1639865551.3452454      1288      
1639865552.350938      1292      
1639865553.3550696      1287      
1639865554.3628745      1286      
1639865555.3659387      1290      
1639865556.369899      1287      
1639865557.3772347      1287      
1639865558.3814187      1299      
1639865559.3867192      1286      
1639865560.393759      1288      
1639865561.3959959      1288      
1639865562.4008634      1288      
1639865563.4069815      1287      
1639865564.4114728      1286      
1639865565.4152617      1290      
1639865566.4223766      1288      
1639865567.4275796      1287      
1639865568.430027      1287      
1639865569.4369261      1291      
1639865570.4410572      1289      
1639865571.4447138      1286      
1639865572.450543      1285      
1639865573.4578717      1292      
1639865574.459158      1285      
