1639866891.1109228      96      
1639866892.1152828      95      
1639866893.1196089      97      
1639866894.1265693      97      
1639866895.1301343      97      
1639866896.1352618      89      
1639866897.140631      96      
1639866898.1447155      93      
1639866899.1493564      97      
1639866900.1555355      96      
1639866901.1598477      94      
1639866902.1640573      88      
1639866903.1699147      93      
1639866904.1755211      95      
1639866905.1792512      112      
1639866906.1839473      132      
1639866907.189832      157      
1639866908.1942155      166      
1639866909.2008033      182      
1639866910.2057776      170      
1639866911.2105188      201      
1639866912.2144942      258      
1639866913.2193055      342      
1639866914.2248785      428      
1639866915.2289767      529      
1639866916.2339325      619      
1639866918.2443218      816      
1639866919.251639      909      
1639866920.2550285      1010      
1639866921.2587776      1118      
1639866923.269925      1281      
1639866925.2792604      1291      
1639866926.2841277      1287      
1639866928.2951286      1290      
1639866929.299374      1289      
1639866930.30405      1292      
1639866931.3090763      1161      
1639866932.3147395      696      
1639866933.3186038      370      
1639866934.3240204      280      
1639866935.3290687      299      
1639866936.3347104      326      
1639866937.338748      382      
1639866938.3444388      479      
1639866939.3481157      474      
1639866940.3527358      176      
1639866941.3604996      176      
1639866942.3644292      117      
1639866943.3680234      89      
1639866944.3740277      96      
1639866945.379552      93      
