1639870065.4609203      96      
1639870066.466785      96      
1639870067.4676876      94      
1639870068.475701      95      
1639870069.4807167      149      
1639870070.4851406      190      
1639870071.4909604      201      
1639870072.49419      202      
1639870073.5007398      251      
1639870074.5047374      336      
1639870075.5081177      441      
1639870076.5142534      557      
1639870077.5187867      673      
1639870078.5256464      791      
1639870079.5296907      899      
1639870080.5342877      1016      
1639870082.5455945      1261      
1639870083.5511224      1286      
1639870084.5543299      1303      
1639870085.5606213      1304      
1639870086.5642629      1303      
1639870087.570062      1304      
1639870088.5743551      1302      
1639870089.5762992      1303      
1639870090.5860608      1304      
1639870091.5901394      1304      
1639870092.5920398      1289      
1639870093.5989141      962      
1639870094.6057003      544      
1639870095.6103418      490      
1639870096.6157742      442      
1639870097.6211495      432      
1639870098.6253493      430      
1639870099.6292875      391      
1639870100.6323884      162      
1639870101.640734      249      
1639870102.6452525      395      
1639870103.6512203      506      
1639870104.6549823      596      
1639870105.6598911      645      
1639870106.665329      733      
1639870107.6702096      622      
1639870109.6790729      108      
1639870110.68428      95      
1639870111.6878424      97      
1639870112.6949465      97      
1639870113.6994934      96      
