1639865708.581849      93      
1639865709.58528      93      
1639865710.5873456      94      
1639865711.5978007      86      
1639865712.60111      92      
1639865713.603916      91      
1639865714.6109676      95      
1639865715.6140459      93      
1639865716.620585      95      
1639865717.6238139      95      
1639865718.6303291      95      
1639865719.6336956      94      
1639865720.6392238      84      
1639865721.6474059      92      
1639865722.6499858      94      
1639865723.6535969      92      
1639865724.659899      85      
1639865725.6626787      94      
1639865726.6688159      93      
1639865727.6758308      145      
1639865728.6796095      170      
1639865729.6852875      167      
1639865730.6900368      178      
1639865731.6936243      228      
1639865732.6989608      308      
1639865733.7041419      414      
1639865734.7095914      514      
1639865735.7120233      621      
1639865736.7188988      727      
1639865737.7232206      839      
1639865738.7287254      936      
1639865740.7396858      1173      
1639865742.7507765      1285      
1639865743.754065      1290      
1639865744.7586503      1288      
1639865745.7634997      1287      
1639865746.771683      1287      
1639865747.7736309      1290      
1639865748.7786145      1291      
1639865749.7843466      1297      
1639865750.788024      1292      
1639865751.7932882      1291      
1639865752.7989748      1291      
1639865754.8095315      1290      
1639865755.8168435      1291      
1639865756.8193321      1290      
1639865758.8285728      1290      
1639865759.833992      1290      
1639865760.8365932      1289      
1639865761.8448637      1287      
1639865762.8482554      1286      
1639865763.853085      1287      
1639865764.8594024      1289      
1639865765.8646464      1291      
1639865766.8678727      1287      
1639865767.8750296      1290      
1639865768.8788548      1289      
1639865769.883775      1289      
1639865770.8879797      1289      
1639865771.8967464      1283      
1639865772.8978255      1164      
1639865773.9045784      1052      
1639865774.9106126      1005      
1639865775.9126515      1027      
1639865776.9183917      1080      
1639865778.9284327      831      
1639865779.9338353      360      
1639865780.9396079      163      
1639865781.942086      186      
1639865782.9469109      100      
1639865783.952539      95      
1639865784.9601798      95      
1639865785.9610422      93      
1639865786.967245      97      
