1639867038.8806834      96      
1639867040.8916767      96      
1639867041.896245      96      
1639867042.9010165      95      
1639867043.9059753      116      
1639867044.9105408      152      
1639867045.9150422      174      
1639867046.920671      178      
1639867047.925705      176      
1639867048.9309363      178      
1639867049.9349644      200      
1639867050.941257      279      
1639867051.9450166      385      
1639867052.9507477      497      
1639867053.9568694      602      
1639867054.9603631      726      
1639867055.965059      837      
1639867056.9725456      954      
