1639867318.2970216      96      
1639867319.3014293      95      
1639867320.3061905      95      
1639867321.3112552      95      
1639867322.3171053      121      
1639867323.3205485      159      
1639867324.3259826      175      
1639867325.331401      168      
1639867326.3349154      169      
1639867327.3410168      181      
1639867328.345708      240      
1639867329.3512728      334      
1639867330.3547292      446      
1639867331.3627625      556      
1639867332.3658035      669      
1639867333.3710985      784      
1639867334.3771725      899      
1639867335.3814504      1008      
1639867336.3852162      1126      
1639867337.3917706      1258      
1639867340.4058204      1289      
1639867341.411223      1302      
1639867342.415014      1298      
1639867343.42079      1293      
1639867344.4269698      1301      
1639867345.4294076      1145      
1639867347.441089      392      
1639867348.4446738      147      
1639867349.4525652      126      
1639867350.4560716      124      
1639867351.4609132      96      
1639867352.4649048      94      
1639867353.4721456      95      
1639867354.474952      96      
1639867355.4799755      96      
1639867356.4867702      94      
