1639294247.001973      0.207841      
1639294248.0134335      0.207972      
1639294249.0161965      0.206192      
1639294250.0239651      0.206043      
1639294251.0341375      0.207414      
1639294252.0395386      0.205224      
1639294253.0480034      0.207695      
1639294254.0524266      0.242166      
1639294255.060883      0.261699      
1639294256.0667942      0.264559      
1639294257.0747178      0.300179      
1639294258.079595      0.346363      
1639294259.089105      0.352652      
1639294260.0933833      0.351169      
1639294261.10417      0.323434      
1639294262.1073132      0.277605      
1639294263.1154892      0.282256      
1639294264.1224184      0.293271      
1639294265.1293888      0.286144      
1639294266.1362414      0.286886      
1639294267.1415138      0.280611      
1639294268.1511226      0.290243      
1639294269.1592767      0.282622      
1639294270.164235      0.289915      
1639294271.1723835      0.281651      
1639294272.17831      0.290225      
1639294273.1849637      0.288664      
1639294274.1907105      0.283096      
1639294275.2011833      0.291264      
1639294276.2059498      0.280582      
1639294277.213956      0.290098      
1639294278.2212474      0.281324      
1639294279.2280567      0.282098      
1639294280.2351441      0.290129      
1639294281.2417755      0.292879      
1639294282.2490258      0.293211      
1639294283.2557642      0.322991      
1639294284.2614324      0.371656      
1639294285.2691472      0.429009      
1639294286.277697      0.506400      
1639294287.2846406      0.569205      
1639294288.2886012      0.630815      
1639294289.297322      0.693536      
1639294290.3032973      0.755539      
1639294291.3131547      0.820259      
1639294292.3170156      0.879480      
1639294293.3266964      0.937966      
1639294294.3309052      0.994873      
1639294295.367026      1.053772      
1639294296.3460534      1.093456      
1639294297.3545308      1.117009      
1639294298.361633      1.120754      
1639294299.3671627      1.098031      
1639294300.3742948      1.082489      
1639294301.3818915      1.046143      
1639294302.3891654      0.998336      
1639294303.3928747      0.955034      
1639294304.406206      0.900914      
1639294305.4089096      0.844235      
1639294306.4198933      0.786460      
1639294307.423556      0.729179      
1639294308.428317      0.668904      
1639294309.4385948      0.611623      
1639294310.4421308      0.535068      
1639294311.4520643      0.470943      
1639294312.4588618      0.398089      
1639294313.4654782      0.333617      
1639294314.4714997      0.279419      
1639294315.479646      0.293919      
1639294316.4843152      0.294953      
1639294317.4941475      0.289187      
1639294318.5281904      0.278258      
1639294319.5186517      0.285319      
1639294320.512886      0.275490      
1639294321.7236063      0.285916      
1639294322.5290084      0.279521      
