1639293110.6153471      0.199040      
1639293111.6231322      0.206030      
1639293112.6293738      0.197012      
1639293113.6387837      0.195269      
1639293114.6424332      0.193574      
1639293115.6512      0.220456      
1639293116.6576169      0.245034      
1639293117.6665483      0.251049      
1639293118.6715157      0.268609      
1639293119.677685      0.335995      
1639293120.6864443      0.385141      
1639293121.6915014      0.389063      
1639293122.69757      0.389450      
1639293123.70423      0.349959      
1639293124.7132862      0.309511      
1639293125.7200954      0.284949      
1639293126.7255192      0.304538      
1639293127.7356184      0.283047      
1639293128.7409468      0.286358      
1639293129.747869      0.280728      
1639293130.7540545      0.286043      
1639293131.761335      0.283791      
1639293132.7661579      0.284286      
1639293133.7760751      0.282908      
1639293134.7819085      0.279422      
1639293135.7893322      0.281181      
1639293136.798048      0.283120      
1639293137.803477      0.284694      
1639293138.8101122      0.289288      
1639293139.8167608      0.281211      
1639293140.825094      0.287005      
1639293141.8309662      0.306065      
1639293142.8398314      0.335177      
1639293143.8461342      0.404392      
1639293144.8532019      0.466712      
1639293145.8580186      0.538640      
1639293146.86751      0.614107      
1639293147.8742912      0.695491      
1639293148.8801553      0.776934      
1639293149.8876612      0.843336      
1639293150.8946006      0.925526      
1639293151.9018588      1.006516      
1639293152.9085002      1.070810      
1639293153.9168997      1.150207      
1639293154.9216003      1.233385      
1639293155.929504      1.301254      
1639293156.9364057      1.365000      
1639293157.941495      1.371194      
1639293158.9498177      1.374440      
1639293159.95762      1.371089      
1639293160.964777      1.371383      
1639293161.9702806      1.374995      
1639293162.9802678      1.369646      
1639293163.9862185      1.374102      
1639293166.0002327      1.371375      
1639293167.0062532      1.372266      
1639293168.012265      1.371145      
1639293169.0186677      1.373717      
1639293170.0271552      1.374474      
1639293172.0434315      1.364035      
1639293179.0917265      1.255228      
1639293180.095451      1.202417      
1639293182.1101542      1.070895      
1639293183.1160545      1.005651      
1639293184.1267707      0.944141      
1639293185.1326058      0.862057      
1639293186.1384187      0.782844      
1639293187.1451368      0.697840      
1639293188.1532772      0.613554      
1639293189.1586964      0.528284      
1639293190.16809      0.441015      
1639293191.1724982      0.353607      
1639293192.1791024      0.278758      
1639293194.1953716      0.210608      
1639293195.2014034      0.204073      
1639293196.2080593      0.203789      
1639293197.216338      0.203755      
