1639294091.7759552      0.202171      
1639294092.7850168      0.202272      
1639294093.7917578      0.201117      
1639294094.797534      0.202151      
1639294095.8072348      0.202159      
1639294096.8131466      0.202159      
1639294097.8201556      0.202358      
1639294098.8275054      0.235863      
1639294099.833675      0.263086      
1639294100.841035      0.342544      
1639294101.846713      0.388216      
1639294102.8563535      0.406868      
1639294103.860117      0.401993      
1639294104.8670459      0.386576      
1639294105.8746278      0.350491      
1639294106.88316      0.309424      
1639294107.8899727      0.286553      
1639294108.8972337      0.289796      
1639294109.9023976      0.289050      
1639294110.9103212      0.288134      
1639294111.9180608      0.274032      
1639294112.9256709      0.288282      
1639294113.9306402      0.288392      
1639294114.937234      0.288274      
1639294115.9438496      0.289772      
1639294116.95111      0.289289      
1639294117.9602165      0.289211      
1639294118.9650898      0.289364      
1639294119.9727547      0.289313      
1639294121.9857218      0.289065      
1639294122.9933138      0.289362      
1639294124.001445      0.280216      
1639294125.008467      0.289019      
1639294126.0158858      0.237123      
1639294127.021163      0.204543      
1639294128.0314083      0.204126      
1639294129.035218      0.204280      
1639294130.043607      0.204972      
1639294131.0481508      0.205131      
1639294132.055751      0.204874      
1639294133.0628862      0.203451      
1639294134.069358      0.204772      
1639294135.0768373      0.204946      
1639294136.085758      0.204646      
1639294137.094146      0.201790      
1639294138.0971727      0.204821      
1639294139.1068683      0.205009      
1639294140.1114707      0.204372      
1639294141.120178      0.206026      
1639294142.1258502      0.254943      
1639294143.1358562      0.343934      
1639294144.1416686      0.423165      
1639294145.1467044      0.460551      
1639294146.153392      0.485887      
1639294147.1601093      0.496729      
1639294148.1701467      0.504631      
1639294149.1747355      0.519517      
1639294150.1852515      0.519936      
1639294151.1889691      0.524612      
1639294152.1968336      0.545853      
1639294153.2042234      0.566703      
1639294154.2105732      0.586331      
1639294155.2180762      0.610556      
1639294156.2239685      0.658981      
1639294157.2314532      0.692228      
1639294158.238617      0.738006      
1639294159.2454185      0.773535      
1639294160.2515059      0.816638      
1639294161.2609212      0.865510      
1639294162.2654517      0.909316      
1639294163.2741175      0.950822      
1639294164.2811825      0.995567      
1639294165.2878315      1.039623      
1639294166.2941713      1.082791      
1639294167.3002665      1.121428      
1639294168.308242      1.170503      
1639294169.313707      1.206418      
1639294170.322997      1.253364      
1639294171.3727844      1.290120      
1639294172.3363543      1.317086      
1639294173.3439434      1.327003      
1639294174.3496566      1.346185      
1639294177.3723125      1.301182      
1639294179.3845277      1.246644      
1639294180.390229      1.210766      
1639294181.3990855      1.178254      
1639294182.406406      1.129131      
1639294183.4141715      1.083535      
1639294184.4207714      1.041749      
1639294185.4261477      1.007358      
1639294186.434454      0.958501      
1639294187.4399734      0.906484      
1639294188.448817      0.865877      
1639294189.4541283      0.812576      
1639294190.4631255      0.768875      
1639294191.4702375      0.720602      
1639294192.4760823      0.669268      
1639294194.4892738      0.567536      
1639294195.498278      0.507645      
1639294196.5037541      0.450138      
1639294197.5119147      0.392641      
1639294198.516885      0.332601      
1639294199.5257294      0.276930      
1639294200.5330446      0.292783      
1639294201.5389693      0.297162      
1639294202.5455856      0.280666      
1639294203.579674      0.288064      
1639294204.5595865      0.292576      
1639294205.5644608      0.288920      
1639294206.5749145      0.288843      
1639294207.581008      0.280076      
1639294208.5881946      0.281256      
1639294209.5932224      0.288335      
1639294210.600156      0.280923      
