1639293639.454439      0.288131      
1639293640.4593022      0.288372      
1639293641.4677527      0.287999      
1639293642.4760134      0.288370      
1639293643.4821193      0.288375      
1639293644.4880252      0.288375      
1639293645.4963932      0.288017      
1639293646.5012197      0.288370      
1639293647.510623      0.288374      
1639293648.5183141      0.288375      
1639293649.5251436      0.286653      
1639293650.5297716      0.288352      
1639293651.537579      0.288280      
1639293652.5443745      0.288373      
1639293653.5524492      0.288375      
1639293654.5599887      0.280975      
1639293655.5651782      0.288180      
1639293656.5721092      0.288732      
1639293657.5791628      0.289355      
1639293658.5876148      0.289372      
1639293659.5951355      0.289069      
1639293660.6017802      0.289833      
1639293661.6100943      0.306036      
1639293662.613046      0.325743      
1639293663.6206987      0.371171      
1639293664.6279101      0.425024      
1639293665.6369352      0.483040      
1639293666.6401505      0.538294      
1639293667.6499312      0.593047      
1639293668.6585886      0.652298      
1639293669.6624622      0.709607      
1639293670.6708398      0.760527      
1639293671.6773603      0.800975      
1639293672.6857977      0.851911      
1639293673.6902964      0.891745      
1639293674.6993833      0.939894      
1639293675.7041874      0.975584      
1639293676.7134488      1.022250      
1639293677.719656      1.059010      
1639293678.7269304      1.095465      
1639293679.73496      1.149041      
1639293680.7396836      1.195825      
1639293682.754566      1.279034      
1639293683.7611904      1.320728      
1639293684.7665243      1.362811      
1639293685.777539      1.373170      
1639293686.7815197      1.378282      
1639293687.7901545      1.376590      
1639293688.7968814      1.372732      
1639293692.8229904      1.533689      
1639293693.8293319      1.381311      
1639293694.8404794      1.355306      
1639293695.8456817      1.373097      
1639293696.8537831      1.371416      
1639293697.8601573      1.298644      
1639293705.916975      1.373985      
1639293707.9269197      1.248262      
1639293708.9357746      1.094779      
1639293709.9421332      0.938236      
1639293710.9510298      0.779569      
1639293711.954739      0.627860      
1639293712.9635994      0.482151      
1639293713.970141      0.323295      
1639293714.9798975      0.295257      
1639293715.9862323      0.285249      
1639293716.990122      0.283714      
1639293717.9983108      0.284386      
1639293719.0040755      0.291577      
1639293720.0132127      0.291347      
1639293721.0197508      0.290781      
1639293722.0296352      0.290702      
1639293723.033941      0.289655      
1639293724.0421524      0.288042      
1639293725.045432      0.289104      
1639293726.0541759      0.282424      
1639293727.0612097      0.290636      
1639293728.066998      0.289173      
1639293729.0764558      0.290806      
1639293730.0818386      0.291403      
1639293732.0966759      0.291562      
1639293733.1035485      0.289308      
1639293734.1087945      0.283868      
1639293735.1175866      0.290633      
1639293736.1253788      0.292263      
1639293737.1310148      0.292006      
1639293738.1375563      0.290947      
1639293739.1434069      0.281679      
1639293740.154174      0.292092      
1639293741.1586406      0.292336      
1639293742.1650941      0.292043      
1639293743.1733418      0.290912      
1639293744.1800296      0.291014      
1639293745.1874156      0.281794      
1639293746.194514      0.290750      
1639293747.200566      0.289975      
1639293748.2083673      0.291130      
1639293749.2147927      0.283903      
1639293750.221045      0.288979      
1639293751.2304852      0.280409      
1639293752.2344368      0.289207      
1639293753.2463913      0.290098      
1639293754.2483404      0.290629      
1639293755.2561116      0.292231      
1639293756.2647803      0.292241      
1639293757.2703      0.288976      
1639293758.2785244      0.290184      
1639293759.2856188      0.291051      
1639293760.2943048      0.290104      
1639293761.2974653      0.285373      
1639293762.3073425      0.292139      
1639293763.3106666      0.292277      
1639293764.3194427      0.283907      
1639293765.326425      0.290796      
1639293766.3311996      0.283256      
1639293767.3401585      0.291048      
1639293768.3465767      0.287334      
1639293769.356979      0.280127      
1639293770.3606093      0.288728      
1639293771.3667035      0.286140      
1639293772.3752458      0.283511      
1639293773.3834426      0.282343      
1639293774.3900156      0.289287      
1639293775.3945954      0.291673      
1639293776.4044805      0.290078      
1639293777.4090705      0.278162      
1639293778.4172173      0.277890      
1639293779.4242156      0.291101      
1639293780.4324737      0.272387      
1639293781.4369557      0.205897      
1639293782.4436677      0.198890      
1639293783.4507031      0.205835      
1639293784.4584732      0.199573      
