1638859008.8101022      14.490967      -0.183105                        
1638859009.8230476      14.721680      -0.305176                        
1638859010.8313868      14.913940      0.000000                        
1638859011.8429835      15.001831      -0.061035                        
1638859012.8559341      15.012817      0.061035                        
1638859013.8648877      14.974365      0.000000                        
1638859014.876667      14.880981      0.244141                        
1638859015.8889217      14.716187      0.244141                        
1638859016.8973086      14.490967      0.427246                        
1638859017.9102983      14.260254      0.488281                        
1638859018.921668      13.974609      0.305176                        
1638859019.9322066      13.694458      0.488281                        
1638859020.9401965      13.425293      0.244141                        
1638859021.9558797      13.150635      0.183105                        
1638859022.9653637      12.854004      0.366211                        
1638859023.9763103      12.579346      0.366211                        
1638859024.9876962      12.282715      0.244141                        
1638859025.9988613      11.964111      0.183105                        
1638859027.0073845      11.634521      0.305176                        
1638859028.0336497      11.304932      0.488281                        
1638859029.0301993      10.261230      1.647949                        
1638859030.0404353      8.662720      1.403809                        
1638859031.051381      7.322388      1.220703                        
1638859032.0633998      6.174316      1.037598                        
1638859033.0758739      4.932861      1.220703                        
1638859034.0846477      3.718872      1.037598                        
1638859035.0959487      2.312622      1.831055                        
1638859036.1076894      0.769043      1.525879                        
1638859038.1277823      -1.818237      1.281738                        
1638859039.1413078      -3.103638      1.647949                        
1638859040.1514835      -4.570312      1.342773                        
1638859041.1623223      -5.822754      1.342773                        
1638859042.1743417      -6.498413      0.000000                        
1638859043.1844068      -31.470337      33.630371                        
1638859044.1969306      15.748901      -62.805176                        
1638859045.2045813      39.545288      20.874023                        
1638859046.217412      -30.316772      -22.644043                        
1638859047.227868      -29.069824      30.212402                        
1638859048.2377546      -42.000732      16.113281                        
1638859049.248956      -31.278076      -10.742188                        
1638859050.260608      -26.652832      -2.685547                        
1638859051.270877      -20.170898      2.258301                        
1638859052.2840517      31.283569      42.968750                        
1638859053.2940934      -55.447998      52.856445                        
1638859054.3053575      -62.127686      37.292480                        
1638859055.3154554      -73.081055      -13.305664                        
1638859056.3267455      -30.640869      -56.945801                        
1638859057.3389816      -23.626099      -1.159668                        
1638859058.3477077      -23.972168      5.249023                        
1638859059.360103      -47.263184      8.666992                        
1638859060.3701484      -46.691895      0.244141                        
1638859061.3807244      -19.066772      -4.699707                        
1638859062.3925133      -31.799927      19.042969                        
1638859063.4060817      -38.408203      -61.828613                        
1638859064.415434      -27.372437      23.986816                        
1638859065.423931      -13.353882      -51.147461                        
1638859066.4375138      4.784546      -31.982422                        
1638859067.4476526      -12.453003      85.205078                        
1638859068.457781      3.142090      149.353027                        
1638859069.4721606      15.798340      85.815430                        
1638859070.4818292      3.158569      77.758789                        
1638859071.489962      -10.865479      111.267090                        
1638859072.504259      -15.029297      -35.400391                        
1638859073.512514      -22.818604      -51.818848                        
1638859075.534994      -18.781128      116.394043                        
1638859076.5485754      -43.769531      76.599121                        
1638859077.5563955      -2.504883      14.404297                        
1638859078.5685563      -1.378784      140.319824                        
1638859079.5775886      -9.920654      -24.902344                        
1638859080.5909095      -1.735840      28.808594                        
1638859081.601089      14.430542      86.303711                        
1638859083.6234648      -1.933594      -49.560547                        
1638859085.6433625      -32.618408      105.529785                        
1638859086.6583674      -41.687622      118.225098                        
1638859087.6673555      -25.922241      99.853516                        
1638859088.6765265      13.798828      9.521484                        
1638859089.6887453      26.026611      -83.801270                        
1638859090.701258      50.438232      6.103516                        
1638859091.7123358      18.632812      68.176270                        
1638859092.722711      16.342163      12.695312                        
1638859093.7346578      13.886719      -7.019043                        
