1640005011.8415792      30      
1640005012.8430533      31      
1640005013.848802      31      
1640005014.8543193      37      
1640005015.8585124      32      
1640005016.8632386      45      
1640005017.8686924      31      
1640005018.8744533      31      
1640005019.8768046      30      
1640005020.8840635      31      
1640005021.888322      30      
1640005022.8926759      33      
1640005023.8990622      33      
1640005024.9026296      32      
1640005025.906958      33      
1640005026.9143133      32      
1640005027.9185097      31      
1640005028.9225845      32      
1640005029.9278703      32      
1640005030.9339626      32      
1640005031.9383614      51      
1640005032.9443843      89      
1640005033.9481301      113      
1640005034.9549131      126      
1640005035.9576643      145      
1640005036.9645643      123      
1640005037.9676917      117      
1640005038.974228      117      
1640005039.9788053      117      
1640005040.9835892      117      
1640005041.9870937      121      
1640005042.993349      117      
1640005043.9979446      117      
1640005045.0027082      118      
1640005046.0087645      116      
1640005047.0135438      116      
1640005048.0169845      114      
1640005049.0223765      116      
1640005050.0279973      116      
1640005051.0326922      118      
1640005052.0380635      116      
1640005053.0446994      114      
1640005054.047431      115      
1640005055.052913      117      
1640005056.0565197      115      
1640005057.062471      115      
1640005058.0679734      114      
1640005059.0730765      115      
1640005060.0779934      138      
1640005061.0819976      165      
1640005062.0879524      215      
1640005063.0918546      275      
1640005064.096719      337      
1640005065.102851      380      
1640005066.1076438      408      
1640005067.1118283      424      
1640005081.2202334      111      
1640005082.2261705      115      
1640005083.2240348      112      
1640005084.2231414      111      
1640005085.2253995      111      
1640005086.2058141      110      
1640005087.212078      114      
1640005088.2201104      111      
