1640007294.1859398      128      
1640007295.1887887      120      
1640007296.1939821      129      
1640007297.1992683      119      
1640007298.203334      119      
1640007299.2095726      119      
1640007300.2140753      121      
1640007301.2172425      119      
1640007302.2238293      127      
1640007303.2290118      120      
1640007304.2333257      117      
1640007305.2380013      119      
1640007306.243676      119      
1640007307.248941      126      
1640007308.2535048      117      
1640007309.2587576      118      
1640007314.3158033      119      
1640007315.3158689      116      
1640007316.3151982      117      
1640007317.3153021      117      
1640007318.3206644      124      
1640007319.3153436      114      
1640007320.3166661      119      
1640007321.3173387      120      
1640007322.3237586      125      
1640007323.328725      120      
1640007324.3337119      116      
1640007325.338429      119      
1640007326.3432035      120      
1640007327.3466496      130      
1640007328.3532917      155      
1640007329.3584192      204      
1640007330.362768      254      
1640007331.3682146      317      
1640007332.3733363      362      
1640007333.378159      396      
1640007334.3833692      423      
1640007335.387853      442      
1640007336.3921373      444      
1640007337.3990285      447      
1640007338.405795      471      
1640007339.4075038      499      
1640007340.413169      477      
1640007341.4184496      398      
1640007342.421813      308      
1640007343.445112      201      
1640007344.4442964      115      
1640007345.4450889      111      
1640007346.4428334      114      
1640007347.4494774      114      
1640007348.4532368      114      
1640007349.457763      113      
