1640007487.474736      149      
1640007488.4808652      120      
1640007489.485077      121      
1640007490.4902086      130      
1640007491.4968145      120      
1640007492.4992332      118      
1640007493.504864      118      
1640007494.5092642      119      
1640007495.515079      122      
1640007496.5181897      118      
1640007497.5266612      118      
1640007498.5309546      120      
1640007499.534271      119      
1640007500.5402248      118      
1640007501.5446198      116      
1640007502.549407      117      
1640007503.554219      117      
1640007504.5601435      116      
1640007505.5640132      117      
1640007507.575187      130      
1640007520.676495      428      
1640007521.6759377      469      
1640007522.6752949      505      
1640007523.681886      486      
1640007524.679774      428      
1640007525.673964      345      
1640007526.670332      235      
1640007527.6736407      123      
1640007528.678092      115      
1640007529.6863163      112      
