1639951021.3427987      16      
1639951022.845398      19      
1639951024.3519113      4      
1639951025.8574018      4      
1639951027.361383      10      
1639951028.8655288      8      
1639951030.3721204      9      
1639951031.875659      8      
1639951033.3827243      32      
1639951034.888603      -5      
1639951036.3928564      -2      
1639951037.8964977      53      
1639951039.4034953      109      
1639951040.9084742      164      
1639951042.411516      171      
1639951043.9180439      167      
1639951045.4216614      139      
1639951046.927949      108      
1639951048.4337373      81      
1639951049.9371965      85      
1639951051.440368      81      
1639951052.949328      81      
1639951054.4509618      80      
1639951055.9551983      80      
1639951057.4614027      80      
1639951058.9670966      80      
1639951060.4712543      80      
1639951061.9765856      323      
1639951063.4827914      79      
1639951064.9868536      79      
1639951066.491763      79      
1639951067.9959507      79      
1639951069.5010114      80      
1639951071.0048642      79      
1639951072.5157049      78      
1639951074.0147042      79      
1639951075.520615      81      
1639951077.0261583      78      
1639951078.5309637      78      
1639951080.0360065      78      
1639951081.5411286      80      
1639951083.0464308      77      
1639951084.5499976      78      
1639951086.0559165      77      
1639951087.561598      78      
1639951089.0642664      88      
1639951090.5711694      114      
1639951092.0764897      141      
1639951093.582314      141      
1639951095.0859764      134      
1639951096.5910015      132      
1639951098.095435      162      
1639951099.601322      217      
1639951101.1059291      255      
1639951102.6099107      284      
1639951104.1153157      302      
1639951105.620468      306      
1639951107.1258588      337      
1639951108.6308851      385      
1639951120.6701953      75      
1639951122.1733887      79      
1639951123.6796665      76      
