1640018318.5916874      126      
1640018319.5950584      131      
1640018320.6002083      120      
1640018321.6063344      122      
1640018322.6094704      122      
1640018323.6136222      121      
1640018324.621667      120      
1640018325.6254046      121      
1640018326.6282384      120      
1640018327.6345458      122      
1640018328.6389184      121      
1640018329.64374      121      
1640018330.6486242      123      
1640018331.6538188      120      
1640018332.6588876      121      
1640018333.6649067      123      
1640018334.6693256      121      
1640018335.6748998      121      
1640018336.6787412      124      
1640018337.6850457      120      
1640018338.6896799      119      
1640018339.6931534      121      
1640018340.699574      120      
1640018341.7039616      120      
1640018342.7091515      126      
1640018343.7156408      123      
1640018344.7189405      124      
1640018345.7238438      120      
1640018346.7295249      122      
1640018347.7337756      123      
1640018348.7375994      136      
1640018349.7452483      145      
1640018350.7503755      189      
1640018351.7524216      230      
1640018352.758538      276      
1640018353.764086      318      
1640018354.768223      361      
1640018355.773326      392      
1640018356.7795482      405      
1640018357.7822132      421      
1640018363.8124826      427      
1640018364.8179083      346      
1640018365.8253152      250      
1640018366.8279133      161      
1640018367.8364608      129      
1640018368.8403506      117      
1640018369.8448188      117      
1640018371.8552246      124      
