1640018454.5680885      120      
1640018455.5751894      120      
1640018456.577998      121      
1640018457.5826123      120      
1640018458.5892532      120      
1640018459.597553      121      
1640018460.5973191      120      
1640018461.6043146      123      
1640018462.6099684      122      
1640018463.6129422      125      
1640018464.6182024      120      
1640018465.6233957      122      
1640018466.6282885      119      
1640018467.6333055      120      
1640018468.6392224      121      
1640018469.6428077      121      
1640018470.6484973      120      
1640018471.6537926      120      
1640018472.6585503      118      
1640018473.6633482      120      
1640018474.667761      122      
1640018475.6728773      117      
1640018476.6776001      120      
1640018477.6845365      123      
1640018478.6877117      118      
1640018479.6933353      131      
1640018480.6976492      137      
1640018481.7025454      143      
1640018482.7071054      173      
1640018483.7145104      228      
1640018484.7174752      279      
1640018485.7212443      333      
1640018486.7271655      375      
1640018487.732598      404      
1640018488.7371728      425      
1640018489.742368      444      
1640018490.7488906      451      
1640018491.7509573      465      
1640018492.7577403      483      
1640018493.7635398      486      
1640018494.768058      432      
1640018497.7813666      161      
1640018498.786465      123      
1640018499.792885      126      
1640018500.7960174      128      
