1640007814.467409      114      
1640007815.4710226      116      
1640007816.4804375      114      
1640007817.4822628      114      
1640007818.4865785      117      
1640007819.4922485      119      
1640007820.49646      114      
1640007821.5007083      115      
1640007822.50633      113      
1640007823.5122175      115      
1640007824.5157843      112      
1640007825.5214036      114      
1640007838.5961828      274      
1640007839.629333      321      
1640007840.6328216      362      
1640007841.6305425      392      
1640007842.6272779      397      
1640007843.629614      401      
1640007844.6301458      417      
1640007845.6342876      436      
1640007846.6276577      449      
1640007848.636735      501      
1640007849.6411276      511      
1640007850.6458611      531      
1640007851.6508925      532      
1640007852.6555865      532      
1640007853.6596353      530      
1640007854.6651404      508      
1640007855.67003      488      
1640007856.6753035      480      
1640007857.6809957      467      
1640007858.6862986      472      
1640007859.6907468      457      
1640007860.6964238      455      
1640007861.7012172      458      
1640007862.7051115      471      
1640007863.7104447      473      
1640007864.7159417      474      
1640007865.7201817      472      
1640007866.725991      467      
1640007867.7308278      474      
1640007868.7344625      448      
1640007869.7409432      480      
1640007870.7452679      501      
1640007871.7495444      503      
1640007872.7573242      525      
1640007873.7607036      530      
1640007874.7655342      552      
