1639951228.2832372      -6      
1639951229.7890348      -6      
1639951231.2957306      -6      
1639951232.8002644      -6      
1639951234.3029287      -6      
1639951235.8087      -6      
1639951237.314813      -3      
1639951238.818667      -6      
1639951240.3232872      59      
1639951241.8283944      78      
1639951243.3339393      78      
1639951244.83877      78      
1639951246.3432884      78      
1639951247.8486528      78      
1639951249.3620312      80      
1639951250.8666165      78      
1639951252.3655117      78      
1639951255.373343      78      
1639951256.8776145      77      
1639951258.3831544      81      
1639951259.8887596      111      
1639951261.3924398      134      
1639951262.8980882      142      
1639951264.4032865      144      
1639951265.9069574      187      
1639951267.4135292      227      
1639951268.9188764      255      
1639951270.4229834      280      
1639951271.9276202      301      
1639951273.432159      330      
1639951274.938102      367      
1639951276.4441714      413      
1639951277.9493468      452      
1639951279.4537687      494      
1639951280.956449      2667      
1639951282.4645028      460      
1639951283.968161      311      
1639951285.4727898      132      
1639951286.976993      75      
1639951288.4838524      75      
