1640017727.6928709      275      
1640017728.69928      278      
1640017729.703936      276      
1640017730.708829      275      
1640017731.713852      275      
1640017732.7181892      274      
1640017733.72375      273      
1640017734.7283034      258      
1640017735.7334793      250      
1640017736.7396367      247      
1640017737.742983      235      
1640017738.7486582      222      
1640017739.7522013      219      
1640017740.7578073      197      
1640017741.7655275      191      
1640017742.7717085      171      
1640017743.7755136      162      
1640017744.7796147      145      
1640017745.7819798      121      
1640017746.78902      130      
1640017747.7939956      133      
1640017748.797366      133      
1640017749.8034854      124      
1640017750.8099504      132      
1640017751.8123672      131      
1640017752.8178675      133      
1640017753.82243      132      
1640017754.8276393      123      
1640017755.832522      129      
1640017756.8389916      130      
1640017757.8421757      124      
1640017758.8473077      133      
1640017759.852929      132      
1640017760.859993      130      
1640017761.8618498      132      
1640017762.8675756      133      
1640017763.8746867      132      
1640017764.8776495      129      
1640017765.8832471      131      
1640017766.8876247      133      
1640017767.8921437      129      
1640017768.8961163      133      
1640017769.9035432      131      
1640017770.907494      132      
1640017771.9121213      132      
1640017772.9205134      133      
1640017773.9215639      125      
1640017774.9279368      132      
1640017775.931969      130      
1640017776.938002      131      
1640017777.9411764      133      
1640017778.9473672      125      
1640017779.9524662      121      
1640017780.957564      121      
1640017781.962174      130      
1640017782.9677107      131      
1640017783.9721386      127      
1640017784.9768417      131      
1640017785.9821174      128      
1640017786.9868817      129      
1640017787.9919174      130      
1640017788.9971087      132      
1640017790.0014029      129      
1640017791.0073714      132      
1640017792.0121763      132      
1640017793.017437      155      
1640017794.021374      191      
1640017795.026513      249      
1640017810.1411736      170      
1640017811.143292      127      
1640017812.110548      126      
1640017813.1174304      129      
1640017814.124702      129      
1640017816.132559      119      
1640017817.138173      129      
1640017818.1409655      128      
1640017819.1452043      128      
1640017820.1537943      117      
1640017821.1561      126      
