1639950119.553157      -2      
1639950121.5566325      -14      
1639950123.5616758      -4      
1639950125.565997      -8      
1639950127.5713408      -6      
1639950129.5770667      -12      
1639950131.5810454      -11      
1639950133.5868013      -13      
1639950135.5916708      -6      
1639950137.5956779      -12      
1639950139.60137      66      
1639950141.607142      84      
1639950143.6105752      83      
1639950145.6158986      83      
1639950147.621409      77      
1639950149.6247687      87      
1639950175.689102      446      
1639950177.6959836      499      
1639950179.7006173      504      
1639950181.704794      341      
1639950183.7103753      116      
1639950185.716751      77      
1639950187.7194726      76      
1639950189.725007      76      
1639950191.7302477      76      
1639950193.735169      81      
1639950195.7413867      76      
1639950197.747035      78      
1639950199.7523208      76      
1639950201.75542      75      
1639950203.7607603      78      
1639950205.7667282      84      
1639950207.7703948      187      
1639950209.7750502      244      
1639950211.7814689      233      
1639950213.7853549      121      
1639950215.7919693      97      
1639950217.7970603      150      
1639950219.799135      119      
1639950221.8063514      81      
1639950223.8097582      78      
1639950225.815261      94      
1639950227.8208807      86      
1639950229.8263867      78      
1639950231.830322      84      
1639950233.8345425      79      
