1639951391.5127618      -7      
1639951393.017618      -7      
1639951394.5226932      -5      
1639951396.0286884      -6      
1639951397.5343459      -5      
1639951399.0366075      -6      
1639951400.544105      -6      
1639951402.046727      -5      
1639951403.5539267      -5      
1639951405.0590785      -5      
1639951406.5617902      44      
1639951408.0666492      70      
1639951409.574057      103      
1639951411.0787628      127      
1639951412.5804608      128      
1639951414.0869207      108      
1639951415.5928679      81      
1639951417.0973763      81      
1639951418.6020703      80      
1639951421.6115549      78      
1639951423.1167343      78      
1639951424.6221166      83      
1639951426.12655      106      
1639951427.6319726      134      
1639951429.13704      133      
1639951430.6420224      135      
1639951432.145863      162      
1639951433.652172      216      
1639951435.1570456      248      
1639951436.6617815      278      
1639951451.7119286      257      
1639951453.2158623      93      
1639951454.72086      75      
