1639868595.2740433      93      
1639868596.2781076      93      
1639868597.284218      94      
1639868598.2895312      94      
1639868599.2934976      118      
1639868600.2988105      168      
1639868601.3041236      183      
1639868602.3117008      185      
1639868603.3137357      186      
1639868604.317855      183      
1639868605.3231661      179      
1639868606.3290992      183      
1639868607.3338747      206      
1639868608.3399618      237      
1639868609.3432794      284      
1639868610.349282      337      
1639868611.3552215      393      
1639868612.3593175      446      
1639868613.3626366      504      
1639868614.368657      567      
1639868615.3737152      628      
1639868616.3790276      685      
1639868617.3843389      745      
1639868618.387657      817      
1639868619.3929694      877      
1639868620.398282      947      
1639868621.403593      1016      
1639868623.4135213      1153      
1639868624.4188335      1232      
1639868625.424146      1280      
1639868626.4274635      1286      
1639868627.4323108      1297      
1639868628.437624      1299      
1639868629.4436727      1301      
1639868630.4478893      1288      
1639868631.453202      1291      
1639868632.4585156      1288      
1639868633.4638267      1222      
1639868634.4678848      861      
1639868636.4779618      179      
1639868637.4839697      174      
1639868638.4879482      96      
1639868639.4932604      93      
1639868640.4973338      95      
1639868641.5040536      95      
1639868642.508071      94      
