1639868768.0044343      81      
1639868769.0144036      83      
1639868770.0137348      81      
1639868771.0190666      82      
1639868772.0243604      83      
1639868773.0293047      90      
1639868774.0338225      121      
1639868775.0391355      157      
1639868776.0444682      181      
1639868777.0504656      182      
1639868778.0545242      182      
1639868779.0585947      186      
1639868780.0645092      178      
1639868781.0678277      183      
1639868782.0738323      208      
1639868783.079144      236      
1639868784.0831463      274      
1639868785.088458      323      
1639868786.0944865      375      
1639868787.0985484      431      
1639868788.1045332      487      
1639868789.109846      547      
1639868790.1133754      616      
1639868791.119506      676      
1639868792.1257632      734      
1639868793.1310751      795      
1639868794.1352763      857      
1639868795.1405735      928      
1639868796.1458852      991      
1639868799.159544      1211      
1639868800.1648579      1279      
1639868801.1701708      1287      
1639868802.1854727      1285      
1639868803.193095      1300      
1639868804.206053      1302      
1639868805.1962938      1288      
1639868806.2012553      1291      
1639868807.199732      1289      
1639868808.2037861      1284      
1639868809.2110949      1156      
1639868810.2159588      868      
1639868811.2192757      782      
1639868812.2245896      751      
1639868813.2306476      709      
1639868814.2366736      457      
1639868815.240819      186      
1639868816.2441368      177      
1639868817.2514439      103      
1639868818.2567544      95      
1639868819.260081      97      
1639868820.2642035      97      
1639868821.2714977      97      
