1639868880.0664668      97      
1639868881.0710492      97      
1639868882.0751672      96      
1639868883.0804768      97      
1639868884.0851653      133      
1639868885.0917463      176      
1639868886.0942488      182      
1639868887.0995624      185      
1639868888.1068695      181      
1639868889.1121912      183      
1639868890.1154997      211      
1639868891.1208234      241      
1639868892.1257024      289      
1639868893.1310086      340      
1639868894.1363266      393      
1639868895.1416433      451      
1639868896.1440146      507      
1639868897.1553016      568      
1639868898.156644      624      
1639868900.1652544      745      
1639868901.1698163      813      
1639868902.1748152      875      
1639868903.1808457      936      
1639868904.183406      1013      
1639868905.1887195      1070      
1639868906.1940446      1131      
1639868907.2008514      1192      
1639868908.206158      1252      
1639868909.2094767      1290      
1639868916.244794      1289      
1639868918.2525606      1291      
1639868919.2610369      1200      
1639868920.2643552      1023      
1639868921.2716753      681      
1639868922.2749789      391      
1639868923.2795022      222      
1639868924.2848308      133      
1639868925.289238      95      
1639868926.2957058      96      
1639868927.2984228      96      
1639868928.305721      96      
1639868929.3270254      94      
1639868930.3238885      94      
1639868931.3248954      96      
1639868932.3242106      96      
1639868933.329532      94      
