1639867482.8329813      95      
1639867483.83703      91      
1639867484.8419473      92      
1639867485.8478494      83      
1639867486.8519094      92      
1639867487.8580084      123      
1639867488.862802      156      
1639867489.8662035      179      
1639867490.8727012      179      
1639867491.879114      180      
1639867492.8812363      180      
1639867493.8855517      180      
1639867494.8915365      181      
1639867495.8970912      180      
1639867496.9029715      199      
1639867497.9077008      207      
1639867498.9117346      225      
1639867499.918931      242      
1639867500.9216123      266      
1639867501.9275126      294      
1639867502.932453      338      
1639867503.9373233      367      
1639867504.9422488      403      
1639867505.9459202      437      
1639867506.9543033      474      
1639867507.9586704      -19451      
1639867508.9602468      16778      
1639867509.9664507      790      
1639867510.972266      655      
1639867511.9776099      706      
1639867512.982424      758      
1639867513.988756      803      
1639867514.9909718      857      
1639867515.9986396      912      
1639867517.0026968      972      
1639867518.0074813      1029      
1639867519.0112271      1095      
1639867520.0185196      1153      
1639867521.0224168      1214      
1639867522.0253398      1279      
1639867523.0329497      1288      
1639867524.0375419      1290      
1639867525.0409007      1291      
1639867526.0484724      1289      
1639867527.0533035      1291      
1639867528.056982      1289      
1639867529.0633867      1283      
1639867530.0680027      949      
1639867531.0698583      468      
1639867532.0769746      245      
1639867533.0843618      190      
1639867534.0859637      168      
1639867535.0910802      -19871      
1639867536.0974953      16308      
1639867537.0999188      281      
1639867538.1062205      97      
