1638197234.1057074      15.139160      -25.634766      30      1.5      0      
1638197234.217648      19.308472      -4.211426      30      1.5      0      
1638197234.328352      18.934937      24.353027      30      1.5      0      
1638197234.4390576      15.595093      75.561523      30      1.5      0      
1638197234.5501657      10.189819      44.067383      30      1.5      0      
1638197234.661113      8.201294      8.178711      30      1.5      0      
1638197234.7718563      11.491699      -87.890625      30      1.5      0      
1638197234.8815634      18.539429      -45.532227      30      1.5      0      
1638197234.9943242      21.351929      -4.089355      30      1.5      0      
1638197235.1054387      19.660034      83.129883      30      1.5      0      
1638197235.2155077      13.414307      33.508301      30      1.5      0      
1638197235.3272085      9.882202      7.995605      30      1.5      0      
1638197235.43891      10.107422      -57.250977      30      1.5      0      
1638197235.5486166      14.238281      -71.044922      30      1.5      0      
1638197235.6603894      20.895996      -32.104492      30      1.5      0      
1638197235.770279      23.038330      -3.234863      30      1.5      0      
1638197235.8822498      21.148682      74.340820      30      1.5      0      
1638197235.9920185      14.518433      48.400879      30      1.5      0      
1638197236.1033769      12.453003      7.263184      30      1.5      0      
1638197236.2145576      14.403076      -97.900391      30      1.5      0      
1638197236.3266823      21.802368      -45.227051      30      1.5      0      
1638197236.4368308      26.136475      -5.798340      30      1.5      0      
1638197236.5475333      26.021118      9.643555      30      1.5      0      
1638197236.6592345      23.340454      81.665039      30      1.5      0      
1638197236.7709374      17.330933      35.278320      30      1.5      0      
1638197236.879851      15.397339      11.230469      30      1.5      0      
1638197236.9925497      18.676758      -93.627930      30      1.5      0      
1638197237.102257      25.988159      -55.908203      30      1.5      0      
1638197237.212998      28.959961      -0.854492      30      1.5      0      
1638197237.3246999      27.504272      78.552246      30      1.5      0      
1638197237.4354043      21.472778      37.536621      30      1.5      0      
1638197237.5471053      18.220825      10.375977      30      1.5      0      
1638197237.6588082      18.588867      -38.146973      30      1.5      0      
1638197237.7689416      22.280273      -81.298828      30      1.5      0      
1638197237.8806996      29.492798      -37.841797      30      1.5      0      
1638197237.9908347      31.459351      2.319336      30      1.5      0      
1638197238.1007586      29.613647      80.444336      30      1.5      0      
1638197238.211464      23.126221      61.645508      30      1.5      0      
1638197238.3231647      20.714722      5.981445      30      1.5      0      
1638197238.4348674      22.879028      -100.036621      30      1.5      0      
1638197238.5455704      29.646606      -41.564941      30      1.5      0      
1638197238.6572735      33.711548      -6.042480      30      1.5      0      
1638197238.7683775      33.409424      11.230469      30      1.5      0      
1638197238.8790667      30.712280      78.979492      30      1.5      0      
1638197238.988798      24.526978      25.573730      30      1.5      0      
1638197239.0995023      22.593384      11.474609      30      1.5      0      
1638197239.2106302      26.015625      -88.745117      30      1.5      0      
1638197239.3223326      33.458862      -50.781250      30      1.5      0      
1638197239.433077      36.172485      5.187988      30      1.5      0      
1638197239.5457761      34.497070      66.467285      30      1.5      0      
1638197239.6565452      28.300781      34.667969      30      1.5      0      
1638197239.7672489      25.136719      9.826660      30      1.5      0      
1638197239.8789525      25.894775      -16.662598      30      1.5      0      
1638197239.9896545      29.338989      -85.510254      30      1.5      0      
1638197240.0983646      36.243896      -38.208008      30      1.5      0      
1638197240.2090676      38.045654      7.812500      30      1.5      0      
1638197240.3205988      36.035156      73.974609      30      1.5      0      
1638197240.4322999      29.630127      37.780762      30      1.5      0      
1638197240.5440025      27.350464      7.995605      30      1.5      0      
1638197240.6557038      29.652100      -99.548340      30      1.5      0      
1638197240.7656906      37.029419      -48.339844      30      1.5      0      
1638197240.877393      41.171265      -6.713867      30      1.5      0      
1638197240.9881718      40.902100      17.883301      30      1.5      0      
1638197241.0979092      38.551025      78.247070      30      1.5      0      
1638197241.2096105      32.475586      39.306641      30      1.5      0      
1638197241.321311      30.684814      12.023926      30      1.5      0      
1638197241.4300208      34.030151      -77.026367      30      1.5      0      
1638197241.5427208      40.803223      -45.166016      30      1.5      0      
1638197241.6556463      43.895874      -1.831055      30      1.5      0      
1638197241.7665546      42.434692      50.231934      30      1.5      0      
1638197241.8786838      35.864868      34.851074      30      1.5      0      
1638197241.9873924      32.739258      8.361816      30      1.5      0      
1638197242.0971167      33.381958      -66.467285      30      1.5      0      
1638197242.2087805      36.990967      -85.571289      30      1.5      0      
1638197242.3199186      43.950806      -31.921387      30      1.5      0      
1638197242.4296246      45.758057      9.765625      30      1.5      0      
1638197242.541326      43.533325      68.054199      30      1.5      0      
1638197242.6532104      37.490845      36.987305      30      1.5      0      
1638197242.7661786      35.161743      6.225586      30      1.5      0      
1638197242.8750887      36.908569      -63.537598      30      1.5      0      
1638197242.985793      45.054932      -41.809082      30      1.5      0      
1638197243.0972726      48.598022      0.122070      30      1.5      0      
1638197243.2074275      48.169556      15.747070      30      1.5      0      
1638197243.318298      45.428467      78.552246      30      1.5      0      
1638197243.4280345      39.303589      31.555176      30      1.5      0      
1638197243.5399673      37.781982      10.864258      30      1.5      0      
1638197243.6516666      41.517334      -87.463379      30      1.5      0      
1638197243.763989      48.240967      -36.987305      30      1.5      0      
1638197243.8735263      51.234741      2.990723      30      1.5      0      
1638197243.98645      49.910889      38.330078      30      1.5      0      
1638197244.0961752      43.489380      28.930664      30      1.5      0      
1638197244.2063115      40.748291      8.056641      30      1.5      0      
1638197244.317888      41.775513      -33.752441      30      1.5      0      
1638197244.427018      45.516357      -83.435059      30      1.5      0      
1638197244.5387194      52.289429      -30.090332      30      1.5      0      
1638197244.650643      53.772583      9.094238      30      1.5      0      
1638197244.7623465      51.300659      77.331543      30      1.5      0      
1638197244.8734994      45.604248      35.949707      30      1.5      0      
1638197244.9842033      43.401489      7.446289      30      1.5      0      
1638197245.095308      45.291138      -89.477539      30      1.5      0      
1638197245.2060108      53.646240      -45.959473      30      1.5      0      
1638197245.316929      57.189331      -8.911133      30      1.5      0      
1638197245.4260566      56.837769      40.222168      30      1.5      0      
1638197245.5397534      54.261475      76.660156      30      1.5      0      
1638197245.6495676      48.065186      23.315430      30      1.5      0      
1638197245.7606816      46.636963      11.169434      30      1.5      0      
1638197245.8715818      50.883179      -80.444336      30      1.5      0      
1638197245.9826686      57.886963      -43.151855      30      1.5      0      
1638197246.0943708      60.902710      7.385254      30      1.5      0      
1638197246.2042873      59.760132      13.793945      30      1.5      0      
1638197246.316205      53.074951      44.982910      30      1.5      0      
1638197246.4259117      50.377808      8.178711      30      1.5      0      
1638197246.5366151      51.405029      -22.888184      30      1.5      0      
1638197246.6473222      58.491211      -32.714844      30      1.5      0      
1638197246.7600186      61.435547      -30.822754      30      1.5      0      
1638197246.8717198      62.808838      16.418457      30      1.5      0      
1638197246.9824247      60.067749      77.636719      30      1.5      0      
1638197247.0931287      54.448242      33.264160      30      1.5      0      
1638197247.2040548      52.333374      10.375977      30      1.5      0      
1638197247.3147573      54.536133      -76.965332      30      1.5      0      
1638197247.4258957      63.105469      -42.236328      30      1.5      0      
1638197247.5366006      66.593628      -3.112793      30      1.5      0      
1638197247.6467547      66.093750      17.333984      30      1.5      0      
1638197247.7574587      60.205078      42.785645      30      1.5      0      
1638197247.8692548      57.491455      25.939941      30      1.5      0      
1638197247.9800496      56.118164      11.413574      30      1.5      0      
1638197248.0915968      60.216064      -81.909180      30      1.5      0      
1638197248.2032983      66.895752      -34.790039      30      1.5      0      
1638197248.3140008      69.669800      2.502441      30      1.5      0      
1638197248.424705      68.164673      10.375977      30      1.5      0      
1638197248.5356472      61.353149      29.235840      30      1.5      0      
1638197248.6454954      58.727417      5.310059      30      1.5      0      
1638197248.7571955      60.177612      -65.124512      30      1.5      0      
1638197248.8680987      67.318726      -70.495605      30      1.5      0      
1638197248.9792705      70.422363      -31.005859      30      1.5      0      
1638197249.0919693      71.658325      20.996094      30      1.5      0      
1638197249.2016754      68.977661      58.715820      30      1.5      0      
1638197249.3123803      63.281250      35.827637      30      1.5      0      
1638197249.4240813      61.138916      11.352539      30      1.5      0      
1638197249.534785      63.632812      -62.561035      30      1.5      0      
1638197249.6454902      71.795654      -42.663574      30      1.5      0      
1638197249.7561932      75.091553      -4.821777      30      1.5      0      
1638197249.8672779      74.135742      57.128906      30      1.5      0      
1638197249.9779813      67.835083      57.800293      30      1.5      0      
1638197250.0896833      65.418091      22.949219      30      1.5      0      
1638197250.1995735      64.099731      9.765625      30      1.5      0      
1638197250.3123388      68.362427      -88.989258      30      1.5      0      
1638197250.4230442      75.360718      -34.362793      30      1.5      0      
1638197250.5347445      77.579956      12.145996      30      1.5      0      
1638197250.6451213      75.964966      25.878906      30      1.5      0      
1638197250.7548275      69.373169      26.245117      30      1.5      0      
1638197250.8685288      66.796875      6.042480      30      1.5      0      
1638197250.9772627      68.527222      -64.941406      30      1.5      0      
1638197251.0879667      75.629883      -56.091309      30      1.5      0      
1638197251.1986713      78.568726      -23.803711      30      1.5      0      
1638197251.3113716      79.815674      2.136230      30      1.5      0      
1638197251.4230711      76.300049      77.941895      30      1.5      0      
1638197251.532778      70.647583      34.667969      30      1.5      0      
1638197251.644481      68.527222      12.634277      30      1.5      0      
1638197251.7552269      71.559448      -89.660645      30      1.5      0      
1638197251.8657207      79.211426      -39.733887      30      1.5      0      
1638197251.975881      82.150269      2.990723      30      1.5      0      
1638197252.0857954      80.925293      31.677246      30      1.5      0      
1638197252.1977735      74.844360      34.484863      30      1.5      0      
1638197252.3089316      72.405396      19.409180      30      1.5      0      
1638197252.4206338      71.048584      11.840820      30      1.5      0      
1638197252.5327365      75.476074      -80.139160      30      1.5      0      
1638197252.6424437      82.359009      -30.700684      30      1.5      0      
1638197252.7541454      84.232178      16.967773      30      1.5      0      
1638197252.86392      82.402954      15.686035      30      1.5      0      
1638197252.9740083      75.635376      35.522461      30      1.5      0      
1638197253.086234      73.064575      8.422852      30      1.5      0      
1638197253.196938      74.794922      -52.246094      30      1.5      0      
1638197253.3081148      81.776733      -32.714844      30      1.5      0      
1638197253.4202483      84.298096      -19.714355      30      1.5      0      
1638197253.5309536      85.610962      -1.342773      30      1.5      0      
1638197253.6416585      82.391968      72.631836      30      1.5      0      
1638197253.753435      76.212158      33.386230      30      1.5      0      
1638197253.8641856      74.163208      13.061523      30      1.5      0      
1638197253.973845      77.442627      -76.049805      30      1.5      0      
1638197254.0847852      85.187988      -38.940430      30      1.5      0      
1638197254.1949148      88.071899      10.864258      30      1.5      0      
1638197254.3067644      86.770020      25.817871      30      1.5      0      
1638197254.423453      80.507812      51.513672      30      1.5      0      
1638197254.5331595      78.431396      14.831543      30      1.5      0      
1638197254.6411023      77.047119      10.803223      30      1.5      0      
1638197254.751707      81.430664      -74.401855      30      1.5      0      
1638197254.8629851      88.104858      -29.846191      30      1.5      0      
1638197254.973141      89.697876      15.625000      30      1.5      0      
1638197255.0840955      87.637939      47.851562      30      1.5      0      
1638197255.1940262      80.958252      21.667480      30      1.5      0      
1638197255.3051476      78.370972      9.460449      30      1.5      0      
1638197255.41585      80.518799      -83.312988      30      1.5      0      
1638197255.5297925      87.764282      -40.649414      30      1.5      0      
1638197255.63889      90.285645      -31.311035      30      1.5      0      
1638197255.7511957      91.862183      0.305176      30      1.5      0      
1638197255.8631153      88.483887      65.307617      30      1.5      0      
1638197255.9728222      82.672119      27.709961      30      1.5      0      
1638197256.0820317      80.820923      11.779785      30      1.5      0      
1638197256.1931224      84.281616      -60.485840      30      1.5      0      
1638197256.304207      91.950073      -36.804199      30      1.5      0      
1638197256.415908      94.696655      13.916016      30      1.5      0      
1638197256.5286093      93.306885      37.353516      30      1.5      0      
1638197256.63947      86.995239      66.345215      30      1.5      0      
1638197256.7501729      84.968262      17.089844      30      1.5      0      
1638197256.8620238      83.589478      11.657715      30      1.5      0      
1638197256.9719248      87.665405      -54.626465      30      1.5      0      
1638197257.0828545      94.768066      -31.616211      30      1.5      0      
1638197257.1926174      96.355591      22.705078      30      1.5      0      
1638197257.3023245      94.251709      26.000977      30      1.5      0      
1638197257.415024      87.550049      34.362793      30      1.5      0      
1638197257.526725      85.187988      8.728027      30      1.5      0      
1638197257.6376722      87.500610      -63.537598      30      1.5      0      
1638197257.7487984      94.872437      -54.016113      30      1.5      0      
1638197257.8604121      97.316895      -24.719238      30      1.5      0      
1638197257.9711545      98.778076      3.479004      30      1.5      0      
1638197258.081253      95.284424      8.239746      30      1.5      0      
1638197258.191958      89.099121      22.216797      30      1.5      0      
1638197258.3029354      87.423706      11.230469      30      1.5      0      
1638197258.413641      90.834961      -82.641602      30      1.5      0      
1638197258.524981      97.998047      -32.836914      30      1.5      0      
1638197258.636148      100.695190      7.629395      30      1.5      0      
1638197258.7487185      98.926392      41.076660      30      1.5      0      
1638197258.8594222      92.351074      37.536621      30      1.5      0      
1638197258.9699876      90.307617      16.296387      30      1.5      0      
1638197259.080914      88.912354      9.460449      30      1.5      0      
1638197259.191618      93.411255      -40.954590      30      1.5      0      
1638197259.3015392      100.761108      -27.954102      30      1.5      0      
1638197259.4122865      102.354126      15.319824      30      1.5      0      
1638197259.5239875      99.970093      61.401367      30      1.5      0      
1638197259.6350381      93.691406      55.725098      30      1.5      0      
1638197259.746135      91.213989      8.972168      30      1.5      0      
1638197259.859033      93.317871      -56.762695      30      1.5      0      
1638197259.9683175      100.794067      -30.212402      30      1.5      0      
1638197260.0800188      103.161621      -26.977539      30      1.5      0      
1638197260.1897252      104.600830      5.615234      30      1.5      0      
1638197260.3018813      100.585327      33.081055      30      1.5      0      
1638197260.4110665      94.317627      22.216797      30      1.5      0      
1638197260.5237658      92.653198      11.413574      30      1.5      0      
1638197260.6344693      95.921631      -62.988281      30      1.5      0      
1638197260.7446008      103.084717      -57.800293      30      1.5      0      
1638197260.8563023      105.902710      6.774902      30      1.5      0      
1638197260.967031      104.144897      20.324707      30      1.5      0      
1638197261.0788713      97.965088      44.250488      30      1.5      0      
1638197261.1897905      96.026001      15.686035      30      1.5      0      
1638197261.3007188      94.636230      8.911133      30      1.5      0      
1638197261.4126647      99.470215      -72.753906      30      1.5      0      
1638197261.5223744      106.677246      -26.794434      30      1.5      0      
1638197261.6325507      107.951660      12.451172      30      1.5      0      
1638197261.9672732      96.514893      11.535645      30      1.5      0      
1638197262.1889036      106.303711      -47.729492      30      1.5      0      
1638197262.2996073      108.566895      -31.188965      30      1.5      0      
1638197262.4107609      109.127197      11.108398      30      1.5      0      
1638197262.5216815      105.875244      13.061523      30      1.5      0      
1638197262.6316016      99.948120      20.263672      30      1.5      0      
1638197262.743303      98.459473      10.253906      30      1.5      0      
1638197262.8544118      102.194824      -50.476074      30      1.5      0      
1638197262.964771      109.423828      -57.006836      30      1.5      0      
1638197263.0768683      112.137451      1.708984      30      1.5      0      
1638197263.1875718      110.352173      32.287598      30      1.5      0      
1638197263.298723      103.908691      52.490234      30      1.5      0      
1638197263.409648      101.255493      10.559082      30      1.5      0      
1638197263.5193524      100.535889      8.728027      30      1.5      0      
1638197263.6313238      105.474243      -65.429688      30      1.5      0      
1638197263.743245      112.565918      -26.855469      30      1.5      0      
1638197263.8519542      113.582153      19.775391      30      1.5      0      
1638197263.9640765      110.714722      30.639648      30      1.5      0      
1638197264.0749996      104.699707      42.297363      30      1.5      0      
1638197264.1877496      102.321167      9.582520      30      1.5      0      
1638197264.2998903      104.589844      -48.522949      30      1.5      0      
1638197264.4098186      112.445068      -46.752930      30      1.5      0      
1638197264.5196657      115.768433      0.183105      30      1.5      0      
1638197264.6317506      115.708008      9.094238      30      1.5      0      
1638197264.7414854      112.175903      6.469727      30      1.5      0      
1638197264.8516486      106.506958      17.089844      30      1.5      0      
1638197264.961354      105.325928      9.826660      30      1.5      0      
1638197265.0740545      109.165649      -64.147949      30      1.5      0      
1638197265.1859798      116.372681      -62.072754      30      1.5      0      
1638197265.2989018      119.014893      -2.441406      30      1.5      0      
1638197265.4068084      117.053833      15.747070      30      1.5      0      
1638197265.5177307      110.533447      37.719727      30      1.5      0      
1638197265.629432      108.182373      12.023926      30      1.5      0      
1638197265.7404146      107.517700      -17.456055      30      1.5      0      
1638197265.8501523      112.983398      -49.621582      30      1.5      0      
1638197265.961166      119.893799      -30.395508      30      1.5      0      
1638197266.0723467      121.195679      7.019043      30      1.5      0      
1638197266.1840477      118.366699      56.152344      30      1.5      0      
1638197266.2960408      112.329712      48.706055      30      1.5      0      
1638197266.4072242      110.473022      8.239746      30      1.5      0      
1638197266.5179284      113.312988      -50.292969      30      1.5      0      
1638197266.6283462      121.003418      -44.738770      30      1.5      0      
1638197266.739855      124.431152      -4.760742      30      1.5      0      
1638197266.8496265      124.189453      6.286621      30      1.5      0      
1638197266.96033      120.509033      26.245117      30      1.5      0      
1638197267.07207      115.180664      16.662598      30      1.5      0      
1638197267.1827736      113.966675      9.643555      30      1.5      0      
1638197267.2944741      118.015137      -59.082031      30      1.5      0      
1638197267.4061759      124.963989      -59.631348      30      1.5      0      
1638197267.5170631      127.589722      -5.004883      30      1.5      0      
1638197267.6278315      125.414429      26.916504      30      1.5      0      
1638197267.7383606      118.905029      44.738770      30      1.5      0      
1638197267.8494554      116.559448      10.620117      30      1.5      0      
1638197267.9591618      115.828857      -18.127441      30      1.5      0      
1638197268.0697505      121.975708      -76.171875      30      1.5      0      
1638197268.1814518      128.594971      -23.498535      30      1.5      0      
1638197268.2931535      129.589233      9.399414      30      1.5      0      
1638197268.4058547      126.798706      46.264648      30      1.5      0      
1638197268.5163693      120.942993      32.470703      30      1.5      0      
1638197268.626289      119.003906      11.657715      30      1.5      0      
1638197268.737856      121.843872      -63.842773      30      1.5      0      
1638197268.84856      129.567261      -56.213379      30      1.5      0      
1638197268.959534      132.808228      -0.854492      30      1.5      0      
1638197269.069239      132.945557      5.126953      30      1.5      0      
1638197269.1801627      128.600464      18.493652      30      1.5      0      
1638197269.2922978      122.849121      18.188477      30      1.5      0      
1638197269.4049973      121.552734      10.437012      30      1.5      0      
1638197269.5168445      125.881348      -42.602539      30      1.5      0      
1638197269.6249614      132.495117      -56.640625      30      1.5      0      
1638197269.7376945      134.818726      -6.164551      30      1.5      0      
1638197269.847439      132.451172      34.790039      30      1.5      0      
1638197269.9581435      126.073608      52.429199      30      1.5      0      
1638197270.068061      123.771973      12.084961      30      1.5      0      
1638197270.178847      123.250122      -32.531738      30      1.5      0      
1638197270.2905526      129.385986      -60.485840      30      1.5      0      
1638197270.4022498      136.016235      -24.780273      30      1.5      0      
1638197270.5139532      136.950073      8.666992      30      1.5      0      
1638197270.6240377      133.786011      23.925781      30      1.5      0      
1638197270.736716      128.029175      40.771484      30      1.5      0      
1638197270.8469248      126.342773      9.033203      30      1.5      0      
1638197270.9570613      129.193726      -41.503906      30      1.5      0      
1638197271.0668068      136.549072      -59.753418      30      1.5      0      
1638197271.1779697      139.553833      -4.943848      30      1.5      0      
1638197271.2906678      139.790039      1.647949      30      1.5      0      
1638197271.401381      135.000000      62.316895      30      1.5      0      
1638197271.512522      129.270630      20.751953      30      1.5      0      
1638197271.623224      127.765503      10.559082      30      1.5      0      
1638197271.7353318      132.643433      -81.115723      30      1.5      0      
1638197271.8460367      139.251709      -64.147949      30      1.5      0      
1638197271.9570155      141.405029      -4.577637      30      1.5      0      
1638197272.0667217      138.801270      24.291992      30      1.5      0      
1638197272.1774263      132.681885      41.442871      30      1.5      0      
1638197272.2903252      130.451660      11.596680      30      1.5      0      
1638197272.401031      129.968262      -33.325195      30      1.5      0      
1638197272.5109522      136.636963      -87.036133      30      1.5      0      
1638197272.622653      143.014526      -26.245117      30      1.5      0      
1638197272.7337894      143.959351      9.704590      30      1.5      0      
1638197272.8444946      140.696411      53.039551      30      1.5      0      
1638197272.9551992      135.016479      43.090820      30      1.5      0      
1638197273.0668986      133.456421      8.666992      30      1.5      0      
1638197273.1766064      136.675415      -57.189941      30      1.5      0      
1638197273.2877555      143.865967      -46.325684      30      1.5      0      
1638197273.4016652      146.749878      -7.080078      30      1.5      0      
1638197273.5113704      146.859741      1.037598      30      1.5      0      
1638197273.6220753      142.223511      40.161133      30      1.5      0      
1638197273.7327783      136.757812      20.690918      30      1.5      0      
1638197273.843483      135.483398      2.136230      30      1.5      0      
1638197273.9561827      140.328369      -64.880371      30      1.5      0      
1638197274.0668852      147.453003      -47.607422      30      1.5      0      
1638197274.176592      149.578857      -6.713867      30      1.5      0      
1638197274.2892966      146.942139      24.841309      30      1.5      0      
1638197274.3980002      140.905151      42.114258      30      1.5      0      
1638197274.5087042      138.856201      9.704590      30      1.5      0      
1638197274.6194093      138.240967      -31.372070      30      1.5      0      
1638197274.7321079      145.019531      -71.777344      30      1.5      0      
1638197274.8430636      151.320190      -30.700684      30      1.5      0      
1638197274.9537678      152.462769      8.239746      30      1.5      0      
1638197275.0644724      149.199829      39.978027      30      1.5      0      
1638197275.1751788      143.333130      27.282715      30      1.5      0      
1638197275.2868772      141.948853      9.521484      30      1.5      0      
1638197275.3967805      145.305176      -37.841797      30      1.5      0      
1638197275.507484      152.528687      -51.696777      30      1.5      0      
1638197275.6191866      155.253296      -3.967285      30      1.5      0      
1638197275.7306964      155.621338      2.624512      30      1.5      0      
1638197275.8423975      150.556641      35.278320      30      1.5      0      
1638197275.9531028      145.255737      13.000488      30      1.5      0      
1638197276.063307      143.816528      7.751465      30      1.5      0      
1638197276.1740086      148.364868      -38.818359      30      1.5      0      
1638197276.2861395      155.505981      -49.987793      30      1.5      0      
1638197276.3955116      157.329712      -6.164551      30      1.5      0      
1638197276.5062153      154.176636      23.193359      30      1.5      0      
1638197276.6181178      148.474731      48.889160      30      1.5      0      
1638197276.7288232      146.304932      9.948730      30      1.5      0      
1638197276.8395832      145.859985      -25.878906      30      1.5      0      
1638197276.9517257      152.418823      -55.480957      30      1.5      0      
1638197277.0624309      158.472290      -32.348633      30      1.5      0      
1638197277.1732023      159.345703      9.338379      30      1.5      0      
1638197277.2849042      156.110229      32.531738      30      1.5      0      
1638197277.395612      150.023804      32.531738      30      1.5      0      
1638197277.5055854      148.820801      6.164551      30      1.5      0      
1638197277.6173315      152.616577      -43.945312      30      1.5      0      
1638197277.7320244      159.554443      -53.283691      30      1.5      0      
1638197277.8387392      162.312012      -8.483887      30      1.5      0      
1638197277.9494436      162.471313      27.038574      30      1.5      0      
1638197278.061145      157.637329      52.307129      30      1.5      0      
1638197278.172846      152.578125      14.038086      30      1.5      0      
1638197278.2837455      151.204834      7.690430      30      1.5      0      
1638197278.3988013      156.115723      -46.569824      30      1.5      0      
1638197278.5080104      163.146973      -36.010742      30      1.5      0      
1638197278.615319      164.882812      -7.934570      30      1.5      0      
1638197278.726022      161.658325      18.432617      30      1.5      0      
1638197278.8372374      155.950928      54.748535      30      1.5      0      
1638197278.9489381      153.627319      9.155273      30      1.5      0      
1638197279.064666      153.088989      -62.011719      30      1.5      0      
1638197279.171382      159.812622      -83.618164      30      1.5      0      
1638197279.2826347      165.745239      -37.963867      30      1.5      0      
1638197279.392563      166.772461      0.854492      30      1.5      0      
1638197279.5055027      163.163452      23.681641      30      1.5      0      
1638197279.6144114      157.236328      22.644043      30      1.5      0      
1638197279.7243161      155.769653      9.216309      30      1.5      0      
1638197279.835413      159.636841      -46.997070      30      1.5      0      
1638197279.9481108      166.607666      -58.959961      30      1.5      0      
1638197280.058815      169.244385      -6.164551      30      1.5      0      
1638197280.1706405      169.414673      20.080566      30      1.5      0      
1638197280.2814245      164.432373      40.283203      30      1.5      0      
