1638198775.2081656      14.968872      -103.027344      60      2      0      
1638198775.3198643      13.271484      111.389160      60      2      0      
1638198775.429571      -4.954834      180.541992      60      2      0      
1638198775.5422723      -11.217041      -56.640625      60      2      0      
1638198775.654172      3.570557      -162.048340      60      2      0      
1638198775.7648747      18.495483      -26.611328      60      2      0      
1638198775.8755777      16.924438      84.228516      60      2      0      
1638198775.986676      1.356812      164.428711      60      2      0      
1638198776.0973802      -11.167603      19.653320      60      2      0      
1638198776.2070882      -0.911865      -139.526367      60      2      0      
1638198776.3217802      17.902222      -52.368164      60      2      0      
1638198776.4284961      14.326172      108.093262      60      2      0      
1638198776.5420074      -3.614502      183.410645      60      2      0      
1638198776.652708      -10.475464      -48.645020      60      2      0      
1638198776.7629154      3.933105      -168.212891      60      2      0      
1638198776.8740604      19.204102      -44.616699      60      2      0      
1638198776.9857624      17.177124      92.956543      60      2      0      
1638198777.0974638      1.241455      170.471191      60      2      0      
1638198777.2071707      -10.783081      7.263184      60      2      0      
1638198777.3181126      0.318604      -147.949219      60      2      0      
1638198777.4292383      18.039551      -59.326172      60      2      0      
1638198777.538948      14.260254      109.191895      60      2      0      
1638198777.6516447      -3.663940      186.218262      60      2      0      
1638198777.7623506      -10.068970      -63.964844      60      2      0      
1638198777.873052      4.790039      -166.198730      60      2      0      
1638198777.9843924      19.182129      -39.184570      60      2      0      
1638198778.0960944      17.517700      92.834473      60      2      0      
1638198778.2071788      1.175537      173.583984      60      2      0      
1638198778.316886      -9.772339      -10.192871      60      2      0      
1638198778.4276104      1.049194      -144.348145      60      2      0      
1638198778.5403106      19.176636      -71.289062      60      2      0      
1638198778.6491072      14.924927      114.013672      60      2      0      
1638198778.7618053      -2.460938      185.913086      60      2      0      
1638198778.8718936      -9.168091      -53.588867      60      2      0      
1638198778.9847686      5.652466      -165.283203      60      2      0      
1638198779.0945692      20.363159      -38.879395      60      2      0      
1638198779.2072692      17.973633      90.270996      60      2      0      
1638198779.3169756      1.988525      170.959473      60      2      0      
1638198779.4276798      -8.618774      -16.479492      60      2      0      
1638198779.5379915      2.466431      -145.446777      60      2      0      
1638198779.6471965      20.291748      -80.200195      60      2      0      
1638198779.7608936      15.556641      114.135742      60      2      0      
1638198779.8705997      -1.950073      183.532715      60      2      0      
1638198779.9823525      -7.613525      -81.909180      60      2      0      
1638198780.0940542      7.311401      -165.039062      60      2      0      
1638198780.2047591      21.752930      -49.133301      60      2      0      
1638198780.3154626      19.616089      91.369629      60      2      0      
1638198780.4271636      3.537598      177.917480      60      2      0      
1638198780.537867      -7.448730      -31.982422      60      2      0      
1638198780.6475766      4.504395      -144.348145      60      2      0      
1638198780.760273      21.401367      -76.110840      60      2      0      
1638198780.8700063      16.847534      118.774414      60      2      0      
1638198780.9809108      -0.796509      184.509277      60      2      0      
1638198781.0932086      -6.729126      -84.167480      60      2      0      
1638198781.2029138      7.498169      -163.513184      60      2      0      
1638198781.3146172      21.478271      -33.691406      60      2      0      
1638198781.4263186      18.599854      94.116211      60      2      0      
1638198781.5360248      1.867676      175.537109      60      2      0      
1638198781.6459782      -7.426758      -47.668457      60      2      0      
1638198781.7586765      4.855957      -155.395508      60      2      0      
1638198781.8683834      21.747437      -75.134277      60      2      0      
1638198781.98029      16.100464      115.295410      60      2      0      
1638198782.0899978      -0.988770      184.387207      60      2      0      
1638198782.201698      -6.701660      -82.824707      60      2      0      
1638198782.3133998      7.454224      -163.574219      60      2      0      
1638198782.4251013      21.390381      -33.569336      60      2      0      
1638198782.5358067      18.198853      98.388672      60      2      0      
1638198782.6459775      1.461182      179.138184      60      2      0      
1638198782.7570863      -7.805786      -35.034180      60      2      0      
1638198782.8664303      4.608765      -144.531250      60      2      0      
1638198782.9777787      21.055298      -67.626953      60      2      0      
1638198783.089695      15.671997      120.300293      60      2      0      
1638198783.2023926      -1.367798      176.574707      60      2      0      
1638198783.3127396      -6.448975      -83.923340      60      2      0      
1638198783.4237158      7.476196      -164.672852      60      2      0      
1638198783.5351958      22.066040      -28.320312      60      2      0      
1638198783.6449037      18.901978      101.013184      60      2      0      
1638198783.7566037      1.334839      179.443359      60      2      0      
1638198783.8660045      -6.943359      -22.155762      60      2      0      
1638198783.9773371      6.218262      -161.193848      60      2      0      
1638198784.0889432      22.000122      -53.710938      60      2      0      
1638198784.199648      16.155396      123.657227      60      2      0      
1638198784.3105507      -0.900879      154.357910      60      2      0      
1638198784.421701      -4.779053      -88.439941      60      2      0      
1638198784.5334032      9.371338      -161.926270      60      2      0      
1638198784.6443086      23.549194      -15.991211      60      2      0      
1638198784.755397      13.958130      138.061523      60      2      0      
1638198784.8651025      2.905884      182.250977      60      2      0      
1638198784.9758487      -5.861206      -35.156250      60      2      0      
1638198785.0869968      8.201294      -165.710449      60      2      0      
1638198785.198698      23.312988      -63.903809      60      2      0      
1638198785.3103998      17.111206      120.971680      60      2      0      
1638198785.422105      -0.247192      122.497559      60      2      0      
1638198785.5328074      -3.570557      -91.857910      60      2      0      
1638198785.6435094      10.876465      -161.804199      60      2      0      
1638198785.7545974      24.005127      -8.422852      60      2      0      
1638198785.865577      13.721924      145.141602      60      2      0      
1638198785.9752836      1.587524      181.457520      60      2      0      
1638198786.0858545      -5.141602      -44.555664      60      2      0      
1638198786.1975555      9.266968      -165.588379      60      2      0      
1638198786.308653      23.933716      -41.259766      60      2      0      
1638198786.4203532      17.479248      121.582031      60      2      0      
1638198786.5320554      0.021973      116.027832      60      2      0      
1638198786.641763      -1.614990      -94.909668      60      2      0      
1638198786.7537403      12.963867      -162.719727      60      2      0      
1638198786.8649282      25.977173      8.056641      60      2      0      
1638198786.9738936      14.738159      142.089844      60      2      0      
1638198787.0855954      3.383789      183.715820      60      2      0      
1638198787.195301      -3.587036      -65.246582      60      2      0      
1638198787.308386      10.250244      -161.804199      60      2      0      
1638198787.4200878      24.845581      -50.537109      60      2      0      
1638198787.529868      17.753906      126.220703      60      2      0      
1638198787.6414816      0.373535      104.248047      60      2      0      
1638198787.7517943      -1.620483      -98.388672      60      2      0      
1638198787.8665001      13.793335      -171.875000      60      2      0      
1638198787.9732025      25.784912      36.987305      60      2      0      
1638198788.0839064      14.534912      141.418457      60      2      0      
1638198788.1956084      3.081665      187.133789      60      2      0      
1638198788.3053155      -2.889404      -83.862305      60      2      0      
1638198788.419012      12.161865      -164.489746      60      2      0      
1638198788.5291095      25.790405      -51.818848      60      2      0      
1638198788.6408477      18.533936      128.723145      60      2      0      
1638198788.7519946      1.378784      82.397461      60      2      0      
1638198788.8627346      0.906372      -95.214844      60      2      0      
1638198788.97344      16.457520      -178.344727      60      2      0      
1638198789.0841775      28.141479      44.860840      60      2      0      
1638198789.1951258      17.067261      144.287109      60      2      0      
1638198789.3048315      4.960327      181.579590      60      2      0      
1638198789.416533      -0.120850      -83.251953      60      2      0      
1638198789.529233      14.837036      -166.564941      60      2      0      
1638198789.6393495      28.624878      -53.833008      60      2      0      
1638198789.7510505      20.841064      125.244141      60      2      0      
1638198789.8617554      3.740845      94.848633      60      2      0      
1638198789.9721203      4.119873      -113.037109      60      2      0      
1638198790.0828252      19.824829      -185.546875      60      2      0      
1638198790.194748      31.261597      41.076660      60      2      0      
1638198790.3044553      19.368896      145.935059      60      2      0      
1638198790.4161582      7.657471      179.931641      60      2      0      
1638198790.5272655      3.081665      -80.444336      60      2      0      
1638198790.6399622      18.852539      -164.306641      60      2      0      
1638198790.7509046      31.613159      -48.706055      60      2      0      
1638198790.860589      23.087769      132.385254      60      2      0      
1638198790.9715374      5.646973      82.275391      60      2      0      
1638198791.0822442      6.751099      -115.417480      60      2      0      
1638198791.1949413      22.532959      -183.532715      60      2      0      
1638198791.3026526      32.832642      49.011230      60      2      0      
1638198791.4133575      21.022339      146.179199      60      2      0      
1638198791.5265086      10.288696      183.227539      60      2      0      
1638198791.636643      5.048218      -85.693359      60      2      0      
1638198791.7493422      19.742432      -164.428711      60      2      0      
1638198791.858946      33.892822      -51.696777      60      2      0      
1638198791.96965      25.971680      133.728027      60      2      0      
1638198792.0813508      8.239746      101.928711      60      2      0      
1638198792.1932125      9.937134      -111.938477      60      2      0      
1638198792.303916      26.021118      -183.044434      60      2      0      
1638198792.413623      36.326294      57.556152      60      2      0      
1638198792.524106      23.763428      145.874023      60      2      0      
1638198792.634302      13.606567      182.495117      60      2      0      
1638198792.746003      8.717651      -82.153320      60      2      0      
1638198792.8587036      23.571167      -171.020508      60      2      0      
1638198792.96859      37.507324      -39.794922      60      2      0      
1638198793.0798519      28.723755      134.033203      60      2      0      
1638198793.1917741      11.134644      81.542969      60      2      0      
1638198793.301429      13.161621      -110.900879      60      2      0      
1638198793.4121323      30.410156      -182.861328      60      2      0      
1638198793.522075      38.842163      49.926758      60      2      0      
1638198793.6352174      26.636353      146.606445      60      2      0      
1638198793.7459211      16.622314      170.715332      60      2      0      
1638198793.856625      12.562866      -82.458496      60      2      0      
1638198793.9679532      27.075806      -165.344238      60      2      0      
1638198794.079655      41.182251      -28.991699      60      2      0      
1638198794.413689      17.561646      -105.590820      60      2      0      
1638198794.5213995      34.376221      -185.913086      60      2      0      
1638198794.6340997      42.885132      59.814453      60      2      0      
1638198794.7440946      30.695801      151.245117      60      2      0      
1638198794.8567936      19.753418      175.476074      60      2      0      
1638198794.9677546      16.951904      -83.801270      60      2      0      
1638198795.0784602      31.580200      -174.804688      60      2      0      
1638198795.1904316      45.032959      -15.747070      60      2      0      
1638198795.3005848      35.974731      137.207031      60      2      0      
1638198795.4113739      18.023071      76.782227      60      2      0      
1638198795.5211399      21.741943      -105.285645      60      2      0      
1638198795.6328416      38.583984      -190.612793      60      2      0      
1638198795.743547      46.411743      64.636230      60      2      0      
1638198795.8542578      33.832397      147.460938      60      2      0      
1638198795.9649546      23.741455      162.841797      60      2      0      
1638198796.077653      21.351929      -86.120605      60      2      0      
1638198796.1885765      37.062378      -172.241211      60      2      0      
1638198796.2992818      50.476685      -35.949707      60      2      0      
1638198796.4099858      41.401978      133.422852      60      2      0      
1638198796.5206892      23.230591      82.641602      60      2      0      
1638198796.6324246      26.257324      -113.891602      60      2      0      
1638198796.7418299      44.950562      -190.612793      60      2      0      
1638198796.8525968      52.025757      62.072754      60      2      0      
1638198796.9645004      39.056396      153.442383      60      2      0      
1638198797.0764887      28.196411      142.639160      60      2      0      
1638198797.1867294      27.301025      -96.069336      60      2      0      
1638198797.2988348      42.742310      -166.625977      60      2      0      
1638198797.4094126      55.711670      -10.070801      60      2      0      
1638198797.5200658      46.285400      140.502930      60      2      0      
1638198797.631405      27.877808      81.054688      60      2      0      
1638198797.7403932      31.986694      -107.666016      60      2      0      
1638198797.852095      50.822754      -195.556641      60      2      0      
1638198797.9622056      56.986084      58.105469      60      2      0      
1638198798.0739708      42.940063      159.423828      60      2      0      
1638198798.1866693      32.744751      159.912109      60      2      0      
1638198798.2984712      31.552734      -107.360840      60      2      0      
1638198798.409177      46.856689      -186.889648      60      2      0      
1638198798.5188818      59.677734      6.225586      60      2      0      
1638198798.6306381      49.383545      139.038086      60      2      0      
1638198798.7393475      31.788940      72.631836      60      2      0      
1638198798.850472      35.612183      -117.248535      60      2      0      
1638198798.9612362      55.025024      -190.246582      60      2      0      
1638198799.0749345      60.600586      65.490723      60      2      0      
1638198799.1846395      46.752319      161.437988      60      2      0      
1638198799.2967227      36.513062      146.484375      60      2      0      
1638198799.4068284      36.348267      -104.125977      60      2      0      
1638198799.5180476      52.410278      -188.598633      60      2      0      
1638198799.6298113      64.099731      -11.535645      60      2      0      
1638198799.7395186      53.778076      143.737793      60      2      0      
1638198799.849225      35.683594      74.157715      60      2      0      
1638198799.9613743      40.242920      -112.548828      60      2      0      
1638198800.0723832      59.238281      -193.664551      60      2      0      
1638198800.1820903      64.577637      60.119629      60      2      0      
1638198800.2957854      49.669189      162.170410      60      2      0      
1638198800.4064891      39.336548      122.619629      60      2      0      
1638198800.517619      39.413452      -114.135742      60      2      0      
1638198800.6286147      55.327148      -189.086914      60      2      0      
1638198800.7396038      66.928711      -4.394531      60      2      0      
1638198800.8493102      56.162109      142.883301      60      2      0      
1638198800.959184      38.946533      70.129395      60      2      0      
1638198801.0698867      43.912354      -123.901367      60      2      0      
1638198801.1816351      63.023071      -185.058594      60      2      0      
1638198801.2933352      67.785645      71.044922      60      2      0      
1638198801.4050376      53.190308      160.156250      60      2      0      
1638198801.5167396      38.809204      46.020508      60      2      0      
1638198801.6278555      43.275146      -119.445801      60      2      0      
1638198801.7388213      60.413818      -189.208984      60      2      0      
1638198801.8485284      70.565186      0.793457      60      2      0      
1638198801.9582744      59.683228      144.104004      60      2      0      
1638198802.0699768      43.132324      69.030762      60      2      0      
1638198802.1806817      48.427734      -114.868164      60      2      0      
1638198802.2916627      67.933960      -192.504883      60      2      0      
1638198802.4033628      71.619873      80.749512      60      2      0      
1638198802.517117      56.892700      163.391113      60      2      0      
1638198802.6268227      42.758789      64.392090      60      2      0      
1638198802.737785      47.867432      -117.675781      60      2      0      
1638198802.8489509      64.215088      -188.781738      60      2      0      
1638198802.9578822      74.338989      13.549805      60      2      0      
1638198803.0685856      62.567139      143.310547      60      2      0      
1638198803.17929      46.521606      65.795898      60      2      0      
1638198803.2909908      52.734375      -127.990723      60      2      0      
1638198803.4026933      72.301025      -165.344238      60      2      0      
1638198803.5143945      75.509033      76.660156      60      2      0      
1638198803.6250978      60.441284      159.667969      60      2      0      
1638198803.734805      47.367554      0.732422      60      2      0      
1638198803.8475044      52.833252      -110.717773      60      2      0      
1638198803.9572115      69.461060      -185.058594      60      2      0      
1638198804.0679152      78.717041      13.122559      60      2      0      
1638198804.1786187      67.236328      149.230957      60      2      0      
1638198804.290558      51.344604      68.542480      60      2      0      
1638198804.4002624      57.529907      -130.187988      60      2      0      
1638198804.5129623      77.739258      -130.187988      60      2      0      
1638198804.624664      80.123291      79.467773      60      2      0      
1638198804.734369      65.154419      162.048340      60      2      0      
1638198804.8462646      52.047729      -33.569336      60      2      0      
1638198804.957396      57.919922      -107.788086      60      2      0      
1638198805.067266      74.586182      -185.363770      60      2      0      
1638198805.1779728      82.853394      37.963867      60      2      0      
1638198805.2886753      71.174927      155.700684      60      2      0      
1638198805.4013739      55.365601      60.913086      60      2      0      
1638198805.5114734      62.292480      -129.272461      60      2      0      
1638198805.622178      81.644897      -101.928711      60      2      0      
1638198805.734177      84.078369      87.097168      60      2      0      
1638198805.8449135      68.137207      168.090820      60      2      0      
1638198805.955834      56.266479      -20.324707      60      2      0      
1638198806.066538      61.979370      -107.604980      60      2      0      
1638198806.1782386      78.898315      -186.706543      60      2      0      
1638198806.2879472      86.813965      40.405273      60      2      0      
1638198806.3996484      74.229126      153.015137      60      2      0      
1638198806.5105681      59.309692      62.316895      60      2      0      
1638198806.622483      66.604614      -131.042480      60      2      0      
1638198806.7324936      86.583252      -104.797363      60      2      0      
1638198806.844397      87.879639      84.289551      60      2      0      
1638198806.9553344      72.257080      166.015625      60      2      0      
1638198807.0660408      60.606079      -39.550781      60      2      0      
1638198807.1767433      66.335449      -112.487793      60      2      0      
1638198807.2864528      84.133301      -188.049316      60      2      0      
1638198807.3971555      90.856934      55.725098      60      2      0      
1638198807.5113237      78.239136      158.935547      60      2      0      
1638198807.6210334      62.885742      64.025879      60      2      0      
1638198807.7307374      71.037598      -126.831055      60      2      0      
1638198807.8424392      90.357056      -93.139648      60      2      0      
1638198807.954141      92.081909      87.585449      60      2      0      
1638198808.0648444      76.333008      173.278809      60      2      0      
1638198808.1755505      64.605103      -49.011230      60      2      0      
1638198808.2872524      70.383911      -111.572266      60      2      0      
1638198808.397155      88.610229      -198.120117      60      2      0      
1638198808.508857      94.658203      42.419434      60      2      0      
1638198808.6189628      81.035156      158.508301      60      2      0      
1638198808.7306643      66.038818      67.321777      60      2      0      
1638198808.8423672      74.915771      -130.493164      60      2      0      
1638198808.952641      94.119873      -92.407227      60      2      0      
1638198809.0645087      94.822998      85.937500      60      2      0      
1638198809.1754081      78.552246      171.020508      60      2      0      
1638198809.2861109      68.170166      -39.062500      60      2      0      
1638198809.3962789      73.569946      -109.069824      60      2      0      
1638198809.5084596      92.411499      -190.612793      60      2      0      
1638198809.6171691      97.706909      52.612305      60      2      0      
1638198809.7292223      84.314575      157.348633      60      2      0      
1638198809.839926      69.521484      62.500000      60      2      0      
1638198809.952625      79.129028      -128.295898      60      2      0      
1638198810.0623314      98.201294      -82.885742      60      2      0      
1638198810.1732697      98.421021      92.895508      60      2      0      
1638198810.2849705      82.216187      175.231934      60      2      0      
1638198810.395941      72.630615      -42.663574      60      2      0      
1638198810.5066462      78.024902      -112.854004      60      2      0      
1638198810.6165695      97.091675      -196.228027      60      2      0      
1638198810.7272744      102.095947      67.382812      60      2      0      
1638198810.839255      88.225708      158.935547      60      2      0      
1638198810.9503903      73.493042      23.864746      60      2      0      
1638198811.0624595      83.424683      -137.390137      60      2      0      
1638198811.1731625      102.414551      -79.711914      60      2      0      
1638198811.2848654      102.095947      103.149414      60      2      0      
1638198811.3945713      84.517822      177.551270      60      2      0      
1638198811.5056787      76.283569      -44.799805      60      2      0      
1638198811.6163814      81.650391      -122.863770      60      2      0      
1638198811.726535      100.634766      -178.588867      60      2      0      
1638198811.8383567      105.270996      71.411133      60      2      0      
1638198811.9492328      90.444946      156.921387      60      2      0      
1638198812.059937      76.536255      44.006348      60      2      0      
1638198812.1718612      86.380005      -146.301270      60      2      0      
1638198812.2825637      105.347900      -63.049316      60      2      0      
1638198812.3952622      104.496460      95.336914      60      2      0      
1638198812.504608      87.544556      179.870605      60      2      0      
1638198812.6163106      78.793945      -53.222656      60      2      0      
1638198812.7254896      84.759521      -114.196777      60      2      0      
1638198812.8354416      104.216309      -184.448242      60      2      0      
1638198812.9481394      107.451782      75.134277      60      2      0      
1638198813.0582802      92.686157      162.841797      60      2      0      
1638198813.1709783      78.744507      61.645508      60      2      0      
1638198813.2816823      89.148560      -139.526367      60      2      0      
1638198813.3924532      107.655029      -59.631348      60      2      0      
1638198813.5036442      106.413574      105.102539      60      2      0      
1638198813.6148088      89.302368      177.734375      60      2      0      
1638198813.7245162      81.386719      -47.363281      60      2      0      
1638198813.835221      87.066650      -107.666016      60      2      0      
1638198813.9469833      106.413574      -161.682129      60      2      0      
1638198814.0586846      109.445801      80.810547      60      2      0      
1638198814.1706583      94.136353      165.405273      60      2      0      
1638198814.2806363      81.046143      64.575195      60      2      0      
1638198814.392473      91.499634      -145.690918      60      2      0      
1638198814.5031762      110.236816      -56.518555      60      2      0      
1638198814.6138806      107.957153      108.947754      60      2      0      
1638198814.7229762      91.131592      179.260254      60      2      0      
1638198814.8336782      83.413696      -53.771973      60      2      0      
1638198814.9447849      89.187012      -116.088867      60      2      0      
1638198815.0585043      109.308472      -171.325684      60      2      0      
1638198815.1681879      111.450806      83.312988      60      2      0      
1638198815.2789273      95.938110      171.447754      60      2      0      
1638198815.3916237      83.199463      24.108887      60      2      0      
1638198815.5023293      94.493408      -141.296387      60      2      0      
1638198815.6140306      111.665039      -60.546875      60      2      0      
1638198815.7246249      109.044800      110.168457      60      2      0      
1638198815.834332      92.114868      180.480957      60      2      0      
1638198815.9450374      84.979248      -46.997070      60      2      0      
1638198816.0567384      91.148071      -129.394531      60      2      0      
1638198816.1917446      110.352173      -129.028320      60      2      0      
1638198816.2793367      112.302246      88.134766      60      2      0      
1638198816.3897047      95.723877      169.128418      60      2      0      
1638198816.5014064      83.930054      8.605957      60      2      0      
1638198816.6121106      94.916382      -146.240234      60      2      0      
1638198816.723813      112.307739      -54.809570      60      2      0      
1638198816.83252      108.797607      110.107422      60      2      0      
1638198816.9426146      92.482910      181.640625      60      2      0      
1638198817.054564      85.028687      -58.593750      60      2      0      
1638198817.1644263      91.164551      -134.155273      60      2      0      
1638198817.2776031      111.159668      -106.933594      60      2      0      
1638198817.389757      111.780396      91.918945      60      2      0      
