1638194992.3200233      51.064453      -0.671387      30      1      0      
1638194992.4307277      51.097412      -0.488281      30      1      0      
1638194992.5424287      51.113892      0.122070      30      1      0      
1638194992.6556008      51.113892      -0.183105      30      1      0      
1638194992.7649057      51.185303      -0.854492      30      1      0      
1638194992.8761005      51.262207      -0.427246      30      1      0      
1638194992.988803      51.295166      -0.244141      30      1      0      
1638194993.0975103      51.328125      -0.366211      30      1      0      
1638194993.2082145      51.372070      -0.366211      30      1      0      
1638194993.3189185      51.399536      -0.244141      30      1      0      
1638194993.4306262      51.448975      -0.732422      30      1      0      
1638194993.5415552      51.492920      -0.793457      30      1      0      
1638194993.652259      51.542358      -0.061035      30      1      0      
1638194993.7649567      51.547852      -0.122070      30      1      0      
1638194993.87586      51.608276      -0.732422      30      1      0      
1638194993.9865627      51.674194      -0.366211      30      1      0      
1638194994.2088404      51.751099      -0.244141      30      1      0      
1638194994.3195438      51.767578      -0.122070      30      1      0      
1638194994.4293084      51.822510      -0.610352      30      1      0      
1638194994.5400128      51.882935      -0.183105      30      1      0      
1638194994.6527107      51.899414      -0.122070      30      1      0      
1638194994.7626214      51.921387      -0.549316      30      1      0      
1638194994.8743212      51.998291      -0.671387      30      1      0      
1638194994.986024      52.042236      -0.061035      30      1      0      
1638194995.096836      52.053223      -0.366211      30      1      0      
1638194995.2075412      52.113647      -0.488281      30      1      0      
1638194995.3192425      52.152100      -0.061035      30      1      0      
1638194995.4281569      52.185059      -0.488281      30      1      0      
1638194995.5390751      52.256470      -0.610352      30      1      0      
1638194995.6507978      52.294922      -0.061035      30      1      0      
1638194995.761565      52.300415      -0.122070      30      1      0      
1638194995.8733037      52.366333      -0.732422      30      1      0      
1638194995.9862301      52.421265      -0.244141      30      1      0      
1638194996.0943506      52.432251      -0.183105      30      1      0      
1638194996.2060513      52.481689      -0.671387      30      1      0      
1638194996.5166435      52.608032      -0.305176      30      1      0      
1638194996.5355964      0.000000      0.000000      30      1      0      
1638194996.5814724      52.624512      -0.244141      30      1      0      
1638194996.6513705      52.635498      -0.061035      30      1      0      
1638194996.7640698      52.662964      -0.610352      30      1      0      
1638194996.872779      52.756348      -0.732422      30      1      0      
1638194996.9834826      52.811279      -0.305176      30      1      0      
1638194997.0941975      52.844238      -0.366211      30      1      0      
1638194997.2059646      52.877197      -0.244141      30      1      0      
1638194997.322043      52.921143      -0.488281      30      1      0      
1638194997.4277594      52.987061      -0.488281      30      1      0      
1638194997.5384655      53.031006      -0.366211      30      1      0      
1638194997.6493933      53.047485      -0.366211      30      1      0      
1638194997.7600977      53.102417      -0.427246      30      1      0      
1638194997.8700447      53.129883      -0.122070      30      1      0      
1638194997.981746      53.157349      -0.549316      30      1      0      
1638194998.0934458      53.234253      -0.610352      30      1      0      
1638194998.2041514      53.283691      -0.305176      30      1      0      
1638194998.317092      53.327637      -0.488281      30      1      0      
1638194998.4267993      53.382568      -0.427246      30      1      0      
1638194998.5365055      53.432007      -0.244141      30      1      0      
1638194998.6482174      53.459473      -0.366211      30      1      0      
1638194998.7589111      53.486938      -0.671387      30      1      0      
1638194998.8696146      53.569336      -0.488281      30      1      0      
1638194998.9807503      53.596802      -0.061035      30      1      0      
1638194999.0924506      53.635254      -0.549316      30      1      0      
1638194999.2031548      53.717651      -0.671387      30      1      0      
1638194999.3143163      53.756104      -0.122070      30      1      0      
1638194999.4250207      53.772583      -0.427246      30      1      0      
1638194999.5369747      53.849487      -0.671387      30      1      0      
1638194999.6466808      53.904419      -0.366211      30      1      0      
1638194999.7563875      53.948364      -0.366211      30      1      0      
1638194999.8680873      53.975830      -0.366211      30      1      0      
1638194999.9781694      54.030762      -0.549316      30      1      0      
1638195000.09026      54.102173      -0.610352      30      1      0      
1638195000.2049541      54.140625      0.000000      30      1      0      
1638195000.3136628      54.146118      -0.305176      30      1      0      
1638195000.4243677      54.239502      -0.976562      30      1      0      
1638195000.5350711      54.321899      -0.427246      30      1      0      
1638195000.6457758      54.349365      -0.305176      30      1      0      
1638195000.7555194      54.409790      -0.671387      30      1      0      
1638195000.8674107      54.464722      -0.244141      30      1      0      
1638195000.9781513      54.475708      -0.183105      30      1      0      
1638195001.0898528      54.514160      -0.671387      30      1      0      
1638195001.201554      54.607544      -0.793457      30      1      0      
1638195001.3126864      54.667969      -0.366211      30      1      0      
1638195001.4233887      54.695435      -0.305176      30      1      0      
1638195001.5343115      54.744873      -0.488281      30      1      0      
1638195001.7457986      0.000000      0.000000      30      1      0      
1638195001.7787113      54.882202      -0.671387      30      1      0      
1638195001.9771793      50.614014      25.573730      30      1      0      
1638195002.0878837      50.103149      5.371094      30      1      0      
1638195002.3122861      51.465454      -21.850586      30      1      0      
1638195002.5227218      0.000000      0.000000      30      1      0      
1638195002.553639      60.496216      -14.221191      30      1      0      
1638195002.7022748      63.078003      -9.277344      30      1      0      
1638195002.742168      62.797852      29.785156      30      1      0      
1638195002.9230871      60.721436      16.723633      30      1      0      
1638195003.0987866      53.882446      33.142090      30      1      0      
1638195003.1985192      52.503662      4.699707      30      1      0      
1638195003.3092227      52.476196      -4.028320      30      1      0      
1638195003.4219222      53.256226      -41.320801      30      1      0      
1638195003.532049      58.040771      -63.232422      30      1      0      
1638195003.7440104      0.000000      0.000000      30      1      0      
1638195003.7669466      65.165405      -10.681152      30      1      0      
1638195003.864684      65.170898      17.089844      30      1      0      
1638195003.9748032      63.599854      4.211426      30      1      0      
1638195004.0855076      60.216064      57.556152      30      1      0      
1638195004.1972086      56.672974      32.897949      30      1      0      
1638195004.3091142      55.393066      7.507324      30      1      0      
1638195004.4212303      55.354614      -5.737305      30      1      0      
1638195004.5313368      55.997314      -42.053223      30      1      0      
1638195004.6424925      60.996094      -76.538086      30      1      0      
1638195004.753279      65.429077      -17.944336      30      1      0      
1638195004.8649805      68.307495      -10.986328      30      1      0      
1638195004.9736905      68.653564      13.366699      30      1      0      
1638195005.0843756      67.214355      8.789062      30      1      0      
1638195005.1960769      63.852539      56.579590      30      1      0      
1638195005.306782      60.633545      34.973145      30      1      0      
1638195005.4184816      59.254761      6.164551      30      1      0      
1638195005.5301824      59.128418      -5.371094      30      1      0      
1638195005.6418843      60.040283      -48.645020      30      1      0      
1638195005.7525892      64.682007      -79.895020      30      1      0      
1638195005.8635879      69.208374      -19.470215      30      1      0      
1638195005.9732947      72.130737      -13.122559      30      1      0      
1638195006.083395      72.333984      9.338379      30      1      0      
1638195006.195386      70.982666      5.126953      30      1      0      
1638195006.3062608      67.939453      51.696777      30      1      0      
1638195006.4175348      64.440308      30.761719      30      1      0      
1638195006.529235      63.176880      7.446289      30      1      0      
1638195006.6393034      63.116455      -7.934570      30      1      0      
1638195006.7510045      63.797607      -47.363281      30      1      0      
1638195006.863703      68.807373      -71.716309      30      1      0      
1638195006.9734101      73.355713      -22.216797      30      1      0      
1638195007.082515      76.387939      -15.380859      30      1      0      
1638195007.1952147      76.662598      12.756348      30      1      0      
1638195007.3043246      75.415649      15.747070      30      1      0      
1638195007.4160259      72.268066      59.570312      30      1      0      
1638195007.527164      69.104004      31.799316      30      1      0      
1638195007.6389377      67.758179      7.629395      30      1      0      
1638195007.7496407      67.642822      -3.479004      30      1      0      
1638195007.8615801      68.549194      -33.630371      30      1      0      
1638195007.9723306      73.306274      -77.209473      30      1      0      
1638195008.0820374      77.893066      -19.775391      30      1      0      
1638195008.1938145      81.095581      -14.099121      30      1      0      
1638195008.3047      81.199951      17.211914      30      1      0      
1638195008.415444      79.920044      3.540039      30      1      0      
1638195008.5261455      76.959229      54.443359      30      1      0      
1638195008.6378467      73.460083      33.996582      30      1      0      
1638195008.7488275      72.284546      6.958008      30      1      0      
1638195008.8595324      72.202148      -5.737305      30      1      0      
1638195008.9712336      72.905273      -29.235840      30      1      0      
1638195009.0823607      77.843628      -76.538086      30      1      0      
1638195009.1940665      82.452393      -17.578125      30      1      0      
1638195009.3037703      85.484619      -13.793945      30      1      0      
1638195009.4134748      85.830688      9.155273      30      1      0      
1638195009.525493      84.589233      7.385254      30      1      0      
1638195009.635609      81.199951      60.546875      30      1      0      
1638195009.7483063      78.079834      33.691406      30      1      0      
1638195009.860224      76.816406      6.042480      30      1      0      
1638195009.9691215      76.772461      -1.403809      30      1      0      
1638195010.0810483      77.667847      -45.288086      30      1      0      
1638195010.1917536      82.282104      -64.514160      30      1      0      
1638195010.3028593      86.764526      -18.005371      30      1      0      
1638195010.4135625      89.934082      -13.000488      30      1      0      
1638195010.5237129      90.049438      9.704590      30      1      0      
1638195010.6346822      88.637695      6.225586      30      1      0      
1638195010.7467554      85.363770      58.166504      30      1      0      
1638195010.8574598      81.853638      30.212402      30      1      0      
1638195010.9685774      80.628662      8.728027      30      1      0      
1638195011.0804834      80.485840      -1.953125      30      1      0      
1638195011.191189      81.161499      -35.034180      30      1      0      
1638195011.3018916      85.891113      -67.138672      30      1      0      
1638195011.4115975      90.054932      -20.507812      30      1      0      
1638195011.5237706      93.065186      -15.014648      30      1      0      
1638195011.6344755      93.197021      13.916016      30      1      0      
1638195011.7443986      91.691895      7.507324      30      1      0      
1638195011.8565233      88.209229      55.847168      30      1      0      
1638195011.9686089      84.863892      31.005859      30      1      0      
1638195012.0797133      83.479614      7.324219      30      1      0      
1638195012.1896632      83.347778      0.244141      30      1      0      
1638195012.3006034      84.199219      -26.000977      30      1      0      
1638195012.4119563      88.659668      -58.349609      30      1      0      
1638195012.5230443      92.894897      -34.667969      30      1      0      
1638195012.6337485      95.927124      -13.488770      30      1      0      
1638195012.7437227      95.800781      20.874023      30      1      0      
1638195012.8554232      94.306641      5.371094      30      1      0      
1638195012.9651303      91.021729      52.062988      30      1      0      
1638195013.0778286      87.467651      31.616211      30      1      0      
1638195013.1895974      86.171265      7.446289      30      1      0      
1638195013.300517      86.072388      -0.244141      30      1      0      
1638195013.4112203      86.781006      -14.892578      30      1      0      
1638195013.5219831      91.082153      -67.810059      30      1      0      
1638195013.6316898      95.515137      -22.338867      30      1      0      
1638195013.7426202      98.421021      -12.390137      30      1      0      
1638195013.8533769      98.607788      0.305176      30      1      0      
1638195013.9650788      97.113647      15.014648      30      1      0      
1638195014.0757823      93.630981      61.157227      30      1      0      
1638195014.1877055      90.225220      29.296875      30      1      0      
1638195014.2995882      88.851929      7.995605      30      1      0      
1638195014.4095144      88.692627      3.295898      30      1      0      
1638195014.5198724      89.500122      -27.038574      30      1      0      
1638195014.6320453      93.543091      -48.217773      30      1      0      
1638195014.7407546      98.300171      -24.902344      30      1      0      
1638195014.8528867      100.931396      -12.023926      30      1      0      
1638195014.9635904      100.870972      15.197754      30      1      0      
1638195015.074293      99.376831      8.850098      30      1      0      
1638195015.186993      95.806274      57.556152      30      1      0      
1638195015.2976966      92.449951      28.930664      30      1      0      
1638195015.4095972      91.109619      9.216309      30      1      0      
1638195015.5193722      90.917358      -0.244141      30      1      0      
1638195015.629313      91.708374      -34.118652      30      1      0      
1638195015.7410128      95.641479      -57.556152      30      1      0      
1638195015.8527157      100.519409      -31.066895      30      1      0      
1638195015.9624228      103.304443      -12.756348      30      1      0      
1638195016.0741236      103.370361      10.253906      30      1      0      
1638195016.18609      101.964111      24.108887      30      1      0      
1638195016.2990243      98.470459      45.166016      30      1      0      
1638195016.4079008      95.207520      33.569336      30      1      0      
1638195016.5186048      93.828735      7.446289      30      1      0      
1638195016.630306      93.724365      4.577637      30      1      0      
1638195016.740013      94.531860      -36.071777      30      1      0      
1638195016.851435      98.294678      -59.753418      30      1      0      
1638195016.9615204      103.337402      -41.870117      30      1      0      
1638195017.0732222      105.941162      -13.122559      30      1      0      
1638195017.1849246      105.886230      12.023926      30      1      0      
1638195017.2958477      104.430542      10.681152      30      1      0      
1638195017.4087312      100.766602      59.020996      30      1      0      
1638195017.5180683      97.509155      26.855469      30      1      0      
1638195017.6295514      96.047974      8.972168      30      1      0      
1638195017.740452      95.894165      3.417969      30      1      0      
1638195017.8505375      96.619263      -30.090332      30      1      0      
1638195017.960246      100.453491      -52.185059      30      1      0      
1638195018.0713644      105.139160      -29.602051      30      1      0      
1638195018.183091      107.726440      -12.084961      30      1      0      
1638195018.2940185      107.704468      8.789062      30      1      0      
1638195018.407737      106.254272      29.724121      30      1      0      
1638195018.516446      102.551880      58.959961      30      1      0      
1638195018.6283872      99.272461      32.897949      30      1      0      
1638195018.7395241      97.855225      6.958008      30      1      0      
1638195018.8494062      97.739868      4.028320      30      1      0      
1638195018.9591134      98.355103      -14.343262      30      1      0      
1638195019.0708141      101.969604      -55.114746      30      1      0      
1638195019.1818922      106.979370      -31.921387      30      1      0      
1638195019.2939827      109.456787      -11.413574      30      1      0      
1638195019.4056845      109.176636      22.216797      30      1      0      
1638195019.5153923      107.671509      19.226074      30      1      0      
1638195019.6261418      103.826294      54.260254      30      1      0      
1638195019.7378435      100.722656      29.113770      30      1      0      
1638195019.8485954      99.201050      7.934570      30      1      0      
1638195019.9583018      98.915405      5.615234      30      1      0      
1638195020.0690067      99.821777      -12.817383      30      1      0      
1638195020.180782      103.666992      -41.137695      30      1      0      
1638195020.2924807      108.297729      -26.977539      30      1      0      
1638195020.4034102      110.813599      -11.047363      30      1      0      
1638195020.5151122      110.786133      12.329102      30      1      0      
1638195020.6260123      109.110718      34.362793      30      1      0      
1638195020.7377143      105.468750      43.579102      30      1      0      
1638195020.8480082      102.359619      29.052734      30      1      0      
1638195020.957949      100.810547      7.019043      30      1      0      
1638195021.0686543      100.618286      5.554199      30      1      0      
1638195021.1799617      101.458740      -12.695312      30      1      0      
1638195021.2908897      105.139160      -47.058105      30      1      0      
1638195021.402591      109.984131      -29.541016      30      1      0      
1638195021.5132964      112.489014      -13.061523      30      1      0      
1638195021.6250277      112.159424      7.568359      30      1      0      
1638195021.7357314      110.505981      41.259766      30      1      0      
1638195021.8474355      108.621826      49.011230      30      1      0      
1638195021.9581368      104.826050      30.334473      30      1      0      
1638195022.067844      102.815552      8.972168      30      1      0      
1638195022.177551      102.485962      -1.159668      30      1      0      
1638195022.2902503      103.282471      -7.873535      30      1      0      
1638195022.4019508      104.210815      0.000000      30      1      0      
1638195022.512656      104.210815      -10.742188      30      1      0      
1638195022.6233592      102.414551      21.972656      30      1      0      
1638195022.7350607      98.503418      33.630371      30      1      0      
1638195022.8457654      93.757324      45.166016      30      1      0      
1638195022.9574656      90.774536      77.697754      30      1      0      
1638195023.0681705      84.298096      55.236816      30      1      0      
1638195023.178875      80.145264      24.963379      30      1      0      
1638195023.2893941      78.090820      11.901855      30      1      0      
1638195023.4010954      77.640381      -14.282227      30      1      0      
1638195023.5098057      80.892334      -18.432617      30      1      0      
1638195023.6237202      83.402710      -26.306152      30      1      0      
1638195023.7354214      83.908081      2.685547      30      1      0      
1638195023.8441331      81.848145      25.085449      30      1      0      
1638195023.9558325      79.063110      38.513184      30      1      0      
1638195024.067642      76.442871      59.692383      30      1      0      
1638195024.1773496      71.559448      30.090332      30      1      0      
1638195024.2892683      68.686523      14.831543      30      1      0      
1638195024.3989758      67.593384      5.187988      30      1      0      
1638195024.5096798      67.884521      -19.287109      30      1      0      
1638195024.62138      72.026367      -42.297363      30      1      0      
1638195024.7320843      75.168457      -32.775879      30      1      0      
1638195024.8438225      76.684570      -3.540039      30      1      0      
1638195024.9545283      75.607910      17.028809      30      1      0      
1638195025.066228      73.168945      18.371582      30      1      0      
1638195025.1769319      71.295776      51.879883      30      1      0      
1638195025.2879066      66.967163      30.822754      30      1      0      
1638195025.398609      64.533691      12.756348      30      1      0      
1638195025.509536      63.869019      1.708984      30      1      0      
1638195025.6183493      64.599609      -17.456055      30      1      0      
1638195025.7308714      68.972168      -42.419434      30      1      0      
1638195025.843571      72.784424      -35.278320      30      1      0      
1638195025.954279      74.668579      -8.728027      30      1      0      
1638195026.06498      74.091797      5.126953      30      1      0      
1638195026.1765323      71.746216      21.606445      30      1      0      
1638195026.287627      67.582397      15.686035      30      1      0      
1638195026.3967068      65.610352      39.367676      30      1      0      
1638195026.5064144      63.583374      8.666992      30      1      0      
1638195026.6185024      63.154907      1.159668      30      1      0      
1638195026.7293525      64.000854      -24.475098      30      1      0      
1638195026.8410547      68.648071      -32.836914      30      1      0      
1638195026.953754      72.410889      -43.884277      30      1      0      
1638195027.06346      74.564209      -9.704590      30      1      0      
1638195027.1751626      73.987427      13.366699      30      1      0      
1638195027.286102      71.960449      32.165527      30      1      0      
1638195027.4708383      67.999878      12.145996      30      1      0      
1638195027.5067427      66.214600      40.771484      30      1      0      
1638195027.6174471      64.050293      9.216309      30      1      0      
1638195027.729149      63.836060      -5.065918      30      1      0      
1638195027.8398523      64.660034      -29.357910      30      1      0      
1638195027.9535503      69.307251      -30.273438      30      1      0      
1638195028.063257      73.245850      -36.193848      30      1      0      
1638195028.1739595      75.366211      -10.620117      30      1      0      
1638195028.2856624      74.745483      18.127441      30      1      0      
1638195028.395424      73.075562      29.663086      30      1      0      
1638195028.505132      69.114990      35.461426      30      1      0      
1638195028.6163383      67.280273      28.808594      30      1      0      
1638195028.7270427      65.176392      6.103516      30      1      0      
1638195028.8387432      64.995117      -4.394531      30      1      0      
1638195028.9514427      66.016846      -13.732910      30      1      0      
1638195029.0611491      70.878296      -42.480469      30      1      0      
1638195029.1728523      74.668579      -38.330078      30      1      0      
1638195029.2835786      77.052612      -11.596680      30      1      0      
1638195029.3932853      76.640625      8.789062      30      1      0      
1638195029.5059836      74.778442      23.986816      30      1      0      
1638195029.6149151      71.279297      29.174805      30      1      0      
1638195029.7266812      69.461060      31.799316      30      1      0      
1638195029.8365927      67.395630      7.263184      30      1      0      
1638195029.9492917      67.307739      -4.028320      30      1      0      
1638195030.0614288      68.356934      -26.123047      30      1      0      
1638195030.1721325      73.322754      -34.973145      30      1      0      
1638195030.2823174      77.557983      -46.508789      30      1      0      
1638195030.3927586      79.782715      -10.925293      30      1      0      
1638195030.504872      79.216919      18.554688      30      1      0      
1638195030.6157732      77.426147      27.282715      30      1      0      
