1638197421.8665252      31.453857      -4.455566      30      0.5      0      
1638197421.9782276      31.772461      -1.464844      30      0.5      0      
1638197422.0889308      31.415405      16.357422      30      0.5      0      
1638197422.1996355      30.179443      8.056641      30      0.5      0      
1638197422.3113375      29.333496      18.737793      30      0.5      0      
1638197422.4224868      27.756958      3.845215      30      0.5      0      
1638197422.5331924      25.850830      30.273438      30      0.5      0      
1638197422.6448941      23.895264      21.911621      30      0.5      0      
1638197422.7555966      21.780396      16.174316      30      0.5      0      
1638197422.8663015      19.951172      15.441895      30      0.5      0      
1638197422.9763017      18.781128      11.413574      30      0.5      0      
1638197423.086206      18.121948      5.371094      30      0.5      0      
1638197423.1983426      18.149414      -5.371094      30      0.5      0      
1638197423.3120391      18.709717      -4.455566      30      0.5      0      
1638197423.4207487      18.973389      -2.868652      30      0.5      0      
1638197423.5316558      19.242554      -10.803223      30      0.5      0      
1638197423.6433587      21.099243      -16.418457      30      0.5      0      
1638197423.7540615      22.928467      -34.912109      30      0.5      0      
1638197423.8640041      25.054321      -9.094238      30      0.5      0      
1638197423.9741404      26.548462      -16.662598      30      0.5      0      
1638197424.085842      27.421875      -7.446289      30      0.5      0      
1638197424.1975448      27.669067      -3.051758      30      0.5      0      
1638197424.3084693      27.312012      13.488770      30      0.5      0      
1638197424.4201722      26.229858      8.728027      30      0.5      0      
1638197424.5318725      25.515747      13.671875      30      0.5      0      
1638197424.6425774      23.977661      4.150391      30      0.5      0      
1638197424.75328      22.494507      24.658203      30      0.5      0      
1638197424.8644075      20.599365      18.371582      30      0.5      0      
1638197424.9735544      18.605347      10.009766      30      0.5      0      
1638197425.0846367      16.940918      17.639160      30      0.5      0      
1638197425.1953635      15.809326      7.873535      30      0.5      0      
1638197425.3072805      15.161133      4.638672      30      0.5      0      
1638197425.4189818      15.111694      -9.094238      30      0.5      0      
1638197425.5306838      15.562134      -5.371094      30      0.5      0      
1638197425.6416492      15.661011      1.586914      30      0.5      0      
1638197425.7593348      16.237793      -8.483887      30      0.5      0      
1638197425.8630579      18.121948      -22.583008      30      0.5      0      
1638197425.9727635      19.989624      -31.250000      30      0.5      0      
1638197426.0849588      22.120972      -7.324219      30      0.5      0      
1638197426.1946647      23.697510      -11.962891      30      0.5      0      
1638197426.306366      24.625854      -7.202148      30      0.5      0      
1638197426.4170709      24.966431      -2.258301      30      0.5      0      
1638197426.5297687      24.620361      15.319824      30      0.5      0      
1638197426.641471      23.521729      5.065918      30      0.5      0      
1638197426.751224      22.851562      9.460449      30      0.5      0      
1638197426.861148      21.648560      5.554199      30      0.5      0      
1638197426.9727046      20.044556      26.062012      30      0.5      0      
1638197427.082411      18.132935      11.291504      30      0.5      0      
1638197427.1931145      16.221313      11.657715      30      0.5      0      
1638197427.3038578      14.436035      11.962891      30      0.5      0      
1638197427.4176517      13.386841      7.751465      30      0.5      0      
1638197427.5284038      12.727661      4.211426      30      0.5      0      
1638197427.6403458      12.645264      -6.164551      30      0.5      0      
1638197427.7510493      13.216553      -2.990723      30      0.5      0      
1638197427.8620274      13.474731      -6.042480      30      0.5      0      
1638197427.9712093      13.815308      -9.887695      30      0.5      0      
1638197428.082173      15.529175      -26.428223      30      0.5      0      
1638197428.1938746      17.336426      -25.146484      30      0.5      0      
1638197428.303801      19.352417      -9.155273      30      0.5      0      
1638197428.415502      20.956421      -15.136719      30      0.5      0      
1638197428.528624      21.802368      -4.760742      30      0.5      0      
1638197428.6383314      22.164917      -1.342773      30      0.5      0      
1638197428.7500303      21.906738      17.456055      30      0.5      0      
1638197428.859738      20.654297      5.737305      30      0.5      0      
1638197428.9714382      19.945679      5.004883      30      0.5      0      
1638197429.0821428      18.429565      4.943848      30      0.5      0      
1638197429.191849      17.001343      27.526855      30      0.5      0      
1638197429.3025765      15.062256      20.080566      30      0.5      0      
1638197429.4152763      13.211060      23.376465      30      0.5      0      
1638197429.52598      11.447754      17.883301      30      0.5      0      
1638197429.6376822      10.442505      8.850098      30      0.5      0      
1638197429.7483866      9.651489      6.347656      30      0.5      0      
1638197429.8594952      9.486694      -4.333496      30      0.5      0      
1638197429.9701996      9.948120      -5.554199      30      0.5      0      
1638197430.0809734      9.849243      2.563477      30      0.5      0      
1638197430.1911185      10.426025      -6.469727      30      0.5      0      
1638197430.3028188      12.211304      -32.470703      30      0.5      0      
1638197430.4135237      14.133911      -19.104004      30      0.5      0      
1638197430.5236993      16.144409      -13.000488      30      0.5      0      
1638197430.6363986      17.847290      -17.028809      30      0.5      0      
1638197430.747102      18.748169      -4.943848      30      0.5      0      
1638197430.858263      19.220581      -2.014160      30      0.5      0      
1638197430.9683783      18.989868      8.544922      30      0.5      0      
1638197431.0794098      17.830811      5.065918      30      0.5      0      
1638197431.19131      17.122192      13.061523      30      0.5      0      
1638197431.301017      15.754395      2.136230      30      0.5      0      
1638197431.4127185      14.364624      26.855469      30      0.5      0      
1638197431.5224252      12.409058      14.465332      30      0.5      0      
1638197431.6335268      10.623779      14.770508      30      0.5      0      
1638197431.7454581      8.789062      18.188477      30      0.5      0      
1638197431.8571599      7.761841      7.812500      30      0.5      0      
1638197431.968102      7.009277      4.272461      30      0.5      0      
1638197432.0800972      6.849976      -3.479004      30      0.5      0      
1638197432.1900237      7.443237      -3.479004      30      0.5      0      
1638197432.3007286      7.684937      -5.249023      30      0.5      0      
1638197432.4124289      7.998047      -8.911133      30      0.5      0      
1638197432.521179      9.662476      -24.047852      30      0.5      0      
1638197432.633479      11.612549      -15.075684      30      0.5      0      
1638197432.7443745      13.573608      -8.911133      30      0.5      0      
1638197432.8555386      15.281982      -14.282227      30      0.5      0      
1638197432.9674797      16.210327      -2.624512      30      0.5      0      
1638197433.0781837      15.963135      -2.258301      30      0.5      0      
1638197433.1893585      16.556396      14.343262      30      0.5      0      
1638197433.3000607      15.413818      5.371094      30      0.5      0      
1638197433.4107654      13.908691      18.188477      30      0.5      0      
1638197433.5204713      13.342896      2.624512      30      0.5      0      
1638197433.6311774      12.052002      27.770996      30      0.5      0      
1638197433.7430997      10.206299      5.981445      30      0.5      0      
1638197433.8548012      8.453979      20.751953      30      0.5      0      
1638197433.9647243      6.674194      18.981934      30      0.5      0      
1638197434.077422      5.646973      8.544922      30      0.5      0      
1638197434.188127      4.927368      3.784180      30      0.5      0      
1638197434.29883      4.828491      -0.244141      30      0.5      0      
1638197434.4105313      5.383301      -5.676270      30      0.5      0      
1638197434.5212376      5.465698      1.464844      30      0.5      0      
1638197434.6302114      5.839233      -7.751465      30      0.5      0      
1638197434.7425373      7.723389      -29.296875      30      0.5      0      
1638197434.8523338      9.645996      -23.864746      30      0.5      0      
1638197434.96453      11.645508      -9.826660      30      0.5      0      
1638197435.075234      13.276978      -17.028809      30      0.5      0      
1638197435.1871943      14.359131      -6.103516      30      0.5      0      
1638197435.2978992      14.886475      -3.234863      30      0.5      0      
1638197435.4086037      14.727173      6.958008      30      0.5      0      
1638197435.520517      13.699951      3.662109      30      0.5      0      
1638197435.6307993      12.172852      22.338867      30      0.5      0      
1638197435.7412915      11.722412      1.342773      30      0.5      0      
1638197435.8511732      10.497437      28.076172      30      0.5      0      
1638197435.9632678      8.734131      12.573242      30      0.5      0      
1638197436.0734503      6.943359      10.742188      30      0.5      0      
1638197436.1871464      5.213013      17.639160      30      0.5      0      
1638197436.296855      4.235229      8.300781      30      0.5      0      
1638197436.407559      3.559570      4.943848      30      0.5      0      
1638197436.5194743      3.433228      -4.577637      30      0.5      0      
1638197436.629799      3.916626      -1.892090      30      0.5      0      
1638197436.7407167      3.757324      -4.028320      30      0.5      0      
1638197436.8500817      4.531860      -12.451172      30      0.5      0      
1638197436.9612794      6.498413      -31.433105      30      0.5      0      
1638197437.0727873      8.464966      -20.141602      30      0.5      0      
1638197437.1844888      10.453491      -10.192871      30      0.5      0      
1638197437.2961898      12.167358      -14.282227      30      0.5      0      
1638197437.4068944      13.287964      -6.103516      30      0.5      0      
1638197437.5185978      13.864746      -2.929688      30      0.5      0      
1638197437.630299      13.743896      15.686035      30      0.5      0      
1638197437.7390072      12.694702      6.774902      30      0.5      0      
1638197437.8517056      11.304932      18.798828      30      0.5      0      
1638197437.9604146      10.739136      2.685547      30      0.5      0      
1638197438.0711195      9.536133      22.949219      30      0.5      0      
1638197438.18382      7.844238      8.666992      30      0.5      0      
1638197438.2955232      6.026001      17.089844      30      0.5      0      
1638197438.407222      4.383545      16.418457      30      0.5      0      
1638197438.516929      3.488159      7.385254      30      0.5      0      
1638197438.6276326      2.878418      4.028320      30      0.5      0      
1638197438.7383363      2.823486      -1.037598      30      0.5      0      
1638197438.8490396      3.147583      2.136230      30      0.5      0      
1638197438.960742      3.059692      -16.479492      30      0.5      0      
1638197439.0714483      3.982544      -10.864258      30      0.5      0      
1638197439.183147      6.020508      -24.658203      30      0.5      0      
1638197439.2938507      8.014526      -30.212402      30      0.5      0      
1638197439.4065506      10.096436      -10.070801      30      0.5      0      
1638197439.5152595      11.777344      -15.625000      30      0.5      0      
1638197439.6269631      12.881470      -8.789062      30      0.5      0      
1638197439.737666      13.513184      -4.882812      30      0.5      0      
1638197439.849366      13.496704      11.779785      30      0.5      0      
1638197439.959073      12.376099      3.112793      30      0.5      0      
1638197440.0707753      11.057739      17.333984      30      0.5      0      
1638197440.180481      10.744629      1.037598      30      0.5      0      
1638197440.293181      9.459229      27.954102      30      0.5      0      
1638197440.404881      7.816772      6.774902      30      0.5      0      
1638197440.5175803      6.004028      18.493652      30      0.5      0      
1638197440.62629      4.356079      16.235352      30      0.5      0      
1638197440.7369938      3.548584      8.605957      30      0.5      0      
1638197440.8486953      2.977295      4.333496      30      0.5      0      
1638197440.9593995      2.944336      0.732422      30      0.5      0      
1638197441.0691075      3.367310      1.037598      30      0.5      0      
1638197441.17981      3.246460      -21.179199      30      0.5      0      
1638197441.2915123      4.026489      -15.380859      30      0.5      0      
1638197441.4032137      6.278687      -26.977539      30      0.5      0      
1638197441.5169094      8.129883      -11.047363      30      0.5      0      
1638197441.625619      10.376587      -10.925293      30      0.5      0      
1638197441.7363236      12.189331      -17.578125      30      0.5      0      
1638197441.8480241      13.309937      -8.605957      30      0.5      0      
1638197441.9577305      14.007568      -4.211426      30      0.5      0      
1638197442.0684354      14.024048      8.911133      30      0.5      0      
1638197442.1791396      12.969360      2.746582      30      0.5      0      
1638197442.291838      11.552124      20.996094      30      0.5      0      
1638197442.402542      11.145630      2.136230      30      0.5      0      
1638197442.5132473      9.964600      17.578125      30      0.5      0      
1638197442.6240377      8.421021      4.333496      30      0.5      0      
1638197442.7347417      6.778564      11.047363      30      0.5      0      
1638197442.846444      5.306396      18.432617      30      0.5      0      
1638197442.9561498      4.471436      2.502441      30      0.5      0      
1638197443.0668547      3.955078      4.028320      30      0.5      0      
1638197443.1765604      3.889160      -1.708984      30      0.5      0      
1638197443.288263      4.064941      1.403809      30      0.5      0      
1638197443.3999658      4.284668      -20.080566      30      0.5      0      
1638197443.5116649      5.223999      -6.713867      30      0.5      0      
1638197443.6218746      7.492676      -30.456543      30      0.5      0      
1638197443.7337542      9.409790      -10.681152      30      0.5      0      
1638197443.8444574      11.705933      -17.883301      30      0.5      0      
1638197443.9551623      13.381348      -18.493652      30      0.5      0      
1638197444.066864      14.666748      -6.958008      30      0.5      0      
1638197444.1765704      15.391846      -3.906250      30      0.5      0      
1638197444.288968      15.430298      3.173828      30      0.5      0      
1638197444.3986702      14.381104      4.028320      30      0.5      0      
1638197444.5097556      13.178101      12.573242      30      0.5      0      
1638197444.6215062      12.985840      0.122070      30      0.5      0      
1638197444.7336204      11.700439      24.414062      30      0.5      0      
1638197444.8443255      10.151367      7.812500      30      0.5      0      
1638197444.9550314      8.453979      12.817383      30      0.5      0      
1638197445.0651321      7.113647      16.113281      30      0.5      0      
1638197445.1778822      6.229248      4.882812      30      0.5      0      
1638197445.2865906      5.756836      2.746582      30      0.5      0      
1638197445.3982913      5.778809      -0.732422      30      0.5      0      
1638197445.5099938      6.097412      0.244141      30      0.5      0      
1638197445.619907      6.317139      -23.315430      30      0.5      0      
1638197445.7318268      7.190552      -12.939453      30      0.5      0      
1638197445.84253      9.415283      -27.160645      30      0.5      0      
1638197445.9542327      11.414795      -14.526367      30      0.5      0      
1638197446.0649357      13.754883      -10.253906      30      0.5      0      
1638197446.17564      15.441284      -19.226074      30      0.5      0      
1638197446.286536      16.809082      -10.681152      30      0.5      0      
1638197446.396736      17.495728      -3.967285      30      0.5      0      
1638197446.50744      17.572632      -1.281738      30      0.5      0      
1638197446.6205912      16.616821      5.432129      30      0.5      0      
1638197446.7305188      15.364380      13.916016      30      0.5      0      
1638197446.8422203      15.100708      0.000000      30      0.5      0      
1638197446.952924      13.804321      21.179199      30      0.5      0      
1638197447.063628      12.244263      7.751465      30      0.5      0      
1638197447.1743324      10.519409      6.103516      30      0.5      0      
1638197447.285814      9.129639      11.901855      30      0.5      0      
1638197447.3987436      8.179321      3.967285      30      0.5      0      
1638197447.5057063      7.723389      1.892090      30      0.5      0      
1638197447.6178336      7.756348      -3.356934      30      0.5      0      
1638197447.7297144      8.009033      1.647949      30      0.5      0      
1638197447.840447      8.272705      -21.667480      30      0.5      0      
1638197447.9521894      9.129639      -15.625000      30      0.5      0      
1638197448.062893      11.255493      -30.090332      30      0.5      0      
1638197448.1745958      13.370361      -9.033203      30      0.5      0      
1638197448.285299      15.743408      -13.916016      30      0.5      0      
1638197448.3970017      17.429810      -18.066406      30      0.5      0      
1638197448.506047      18.742676      -7.385254      30      0.5      0      
1638197448.617749      19.434814      -4.638672      30      0.5      0      
1638197448.7284527      19.418335      1.098633      30      0.5      0      
1638197448.8396127      18.627319      7.385254      30      0.5      0      
1638197448.9493604      17.506714      5.798340      30      0.5      0      
1638197449.0620599      17.292480      13.549805      30      0.5      0      
1638197449.172764      15.864258      25.268555      30      0.5      0      
1638197449.2849123      14.227295      5.004883      30      0.5      0      
1638197449.395618      12.491455      9.948730      30      0.5      0      
1638197449.504558      11.063232      13.732910      30      0.5      0      
1638197449.6162598      10.085449      6.286621      30      0.5      0      
1638197449.726966      9.635010      2.075195      30      0.5      0      
1638197449.8373175      9.640503      -4.943848      30      0.5      0      
1638197449.9484704      10.365601      -11.169434      30      0.5      0      
1638197450.0611703      10.667725      -0.610352      30      0.5      0      
1638197450.1728706      12.008057      -12.573242      30      0.5      0      
1638197450.2827947      13.117676      -26.306152      30      0.5      0      
1638197450.3946004      15.303955      -10.986328      30      0.5      0      
1638197450.5045285      17.671509      -19.104004      30      0.5      0      
1638197450.615232      19.264526      -19.897461      30      0.5      0      
1638197450.7257817      20.571899      -10.009766      30      0.5      0      
1638197450.8355086      21.242065      -5.371094      30      0.5      0      
1638197450.9473975      21.275024      3.417969      30      0.5      0      
1638197451.0596123      20.379639      2.685547      30      0.5      0      
1638197451.1703157      19.110718      19.714355      30      0.5      0      
1638197451.2820725      18.292236      11.962891      30      0.5      0      
1638197451.3931952      17.369385      23.986816      30      0.5      0      
1638197451.5040188      15.814819      9.643555      30      0.5      0      
1638197451.6147227      14.139404      17.578125      30      0.5      0      
1638197451.724429      12.727661      13.854980      30      0.5      0      
1638197451.8351343      11.700439      5.554199      30      0.5      0      
1638197451.9459186      11.233521      2.441406      30      0.5      0      
1638197452.0569034      11.200562      0.610352      30      0.5      0      
1638197452.1700838      11.722412      -3.540039      30      0.5      0      
1638197452.2815118      11.705933      -10.375977      30      0.5      0      
1638197452.3922155      13.573608      -9.155273      30      0.5      0      
1638197452.5027711      14.661255      -35.095215      30      0.5      0      
1638197452.6140678      16.842041      -14.831543      30      0.5      0      
1638197452.7229931      19.237061      -12.329102      30      0.5      0      
1638197452.834082      20.885010      -18.981934      30      0.5      0      
1638197452.944785      22.181396      -9.155273      30      0.5      0      
1638197453.0556312      22.873535      -4.089355      30      0.5      0      
1638197453.1687493      22.928467      4.821777      30      0.5      0      
1638197453.2808404      22.005615      5.554199      30      0.5      0      
1638197453.3898187      20.868530      13.610840      30      0.5      0      
1638197453.5039582      20.072021      5.004883      30      0.5      0      
1638197453.613664      19.187622      19.592285      30      0.5      0      
1638197453.7238264      17.622070      9.887695      30      0.5      0      
1638197453.8329673      15.825806      7.141113      30      0.5      0      
1638197453.944667      14.386597      11.535645      30      0.5      0      
1638197454.055567      13.441772      3.784180      30      0.5      0      
1638197454.1665525      12.985840      1.892090      30      0.5      0      
1638197454.2784789      12.985840      -3.051758      30      0.5      0      
1638197454.3909416      13.447266      -2.197266      30      0.5      0      
1638197454.5036612      13.447266      -9.399414      30      0.5      0      
1638197454.6123707      15.281982      -10.375977      30      0.5      0      
1638197454.7217202      16.402588      -31.188965      30      0.5      0      
1638197454.8324246      18.495483      -13.183594      30      0.5      0      
1638197454.9431288      20.857544      -15.258789      30      0.5      0      
1638197455.0552883      22.532959      -15.686035      30      0.5      0      
1638197455.1659927      23.829346      -7.751465      30      0.5      0      
1638197455.277208      24.510498      -4.760742      30      0.5      0      
1638197455.3899062      24.548950      3.051758      30      0.5      0      
1638197455.4998424      23.609619      8.056641      30      0.5      0      
1638197455.6118433      22.406616      14.587402      30      0.5      0      
1638197455.721548      21.643066      7.812500      30      0.5      0      
1638197455.831637      20.764160      27.099609      30      0.5      0      
1638197455.9427652      19.182129      7.629395      30      0.5      0      
1638197456.0534697      17.402344      11.474609      30      0.5      0      
1638197456.1641734      15.985107      14.221191      30      0.5      0      
1638197456.2771432      14.990845      5.981445      30      0.5      0      
1638197456.3878481      14.534912      1.464844      30      0.5      0      
1638197456.4987538      14.490967      -3.295898      30      0.5      0      
1638197456.6101522      15.227051      -7.690430      30      0.5      0      
1638197456.7200572      15.331421      0.305176      30      0.5      0      
1638197456.8314643      16.792603      -9.216309      30      0.5      0      
1638197456.9421678      17.808838      -24.902344      30      0.5      0      
1638197457.0528717      20.110474      -11.596680      30      0.5      0      
1638197457.1625786      22.335205      -20.446777      30      0.5      0      
1638197457.2745144      24.043579      -18.432617      30      0.5      0      
1638197457.3873432      25.334473      -10.437012      30      0.5      0      
1638197457.4960501      26.037598      -5.615234      30      0.5      0      
1638197457.6089842      26.076050      0.854492      30      0.5      0      
1638197457.7189598      25.070801      4.760742      30      0.5      0      
1638197457.831886      23.790894      21.118164      30      0.5      0      
1638197457.941851      22.972412      10.681152      30      0.5      0      
1638197458.0515556      22.296753      10.864258      30      0.5      0      
1638197458.16226      20.544434      12.756348      30      0.5      0      
1638197458.273962      19.006348      14.587402      30      0.5      0      
1638197458.384667      17.440796      12.145996      30      0.5      0      
1638197458.4959795      16.479492      5.126953      30      0.5      0      
1638197458.6100512      15.996094      3.967285      30      0.5      0      
1638197458.7187603      15.952148      -0.915527      30      0.5      0      
1638197458.8304932      16.358643      1.464844      30      0.5      0      
1638197458.9401999      16.402588      -19.958496      30      0.5      0      
1638197459.0511768      18.083496      -8.117676      30      0.5      0      
1638197459.1619382      18.929443      -19.287109      30      0.5      0      
1638197459.2726421      21.373901      -11.047363      30      0.5      0      
1638197459.3843467      23.356934      -25.024414      30      0.5      0      
1638197459.4964244      25.230103      -17.700195      30      0.5      0      
1638197459.6057074      26.504517      -4.272461      30      0.5      0      
1638197459.71741      27.185669      -3.723145      30      0.5      0      
1638197459.8301077      27.196655      7.263184      30      0.5      0      
1638197459.9382057      26.284790      5.615234      30      0.5      0      
1638197460.051449      24.927979      22.460938      30      0.5      0      
1638197460.1601994      24.054565      9.094238      30      0.5      0      
1638197460.2723637      23.417358      7.080078      30      0.5      0      
1638197460.3829143      21.670532      15.136719      30      0.5      0      
1638197460.4940245      20.203857      19.042969      30      0.5      0      
1638197460.6047273      18.676758      14.404297      30      0.5      0      
1638197460.716646      17.682495      4.333496      30      0.5      0      
1638197460.8283477      17.193604      3.295898      30      0.5      0      
1638197460.9380536      17.155151      -3.540039      30      0.5      0      
1638197461.0499406      17.814331      -5.798340      30      0.5      0      
1638197461.1606448      17.797852      0.610352      30      0.5      0      
1638197461.2708142      19.297485      -8.117676      30      0.5      0      
1638197461.3805194      20.148926      -11.474609      30      0.5      0      
1638197461.4926271      22.521973      -12.939453      30      0.5      0      
1638197461.6035595      24.664307      -27.832031      30      0.5      0      
1638197461.7153974      26.455078      -15.380859      30      0.5      0      
1638197461.8263223      27.680054      -3.723145      30      0.5      0      
1638197461.9384983      28.377686      -5.065918      30      0.5      0      
1638197462.0494306      28.366699      3.234863      30      0.5      0      
1638197462.1591375      27.383423      9.521484      30      0.5      0      
1638197462.2703679      26.070557      19.531250      30      0.5      0      
1638197462.381073      24.993896      2.868652      30      0.5      0      
1638197462.4919949      24.406128      15.258789      30      0.5      0      
1638197462.6024637      22.659302      12.023926      30      0.5      0      
1638197462.7121696      21.110229      22.277832      30      0.5      0      
1638197462.8253064      19.572144      12.329102      30      0.5      0      
1638197462.9361382      18.528442      3.234863      30      0.5      0      
1638197463.0475092      17.973633      2.685547      30      0.5      0      
1638197463.1584635      17.957153      2.380371      30      0.5      0      
1638197463.2693624      18.237305      1.464844      30      0.5      0      
1638197463.3795857      18.281250      -15.563965      30      0.5      0      
1638197463.4907293      19.995117      -9.094238      30      0.5      0      
1638197463.6016781      20.885010      -22.583008      30      0.5      0      
1638197463.7133796      23.142700      -15.686035      30      0.5      0      
1638197463.8230848      25.312500      -24.963379      30      0.5      0      
1638197463.9367814      27.141724      -11.779785      30      0.5      0      
1638197464.0465271      28.372192      -5.920410      30      0.5      0      
1638197464.1582284      29.053345      -3.723145      30      0.5      0      
1638197464.2693682      29.031372      -0.549316      30      0.5      0      
1638197464.3783522      27.993164      13.000488      30      0.5      0      
1638197464.4904811      26.779175      17.761230      30      0.5      0      
1638197464.599655      25.570679      2.746582      30      0.5      0      
1638197464.7113583      25.021362      14.709473      30      0.5      0      
1638197464.8225129      23.318481      12.390137      30      0.5      0      
1638197464.934185      21.752930      22.338867      30      0.5      0      
1638197465.0458868      20.198364      11.047363      30      0.5      0      
1638197465.1565914      19.138184      2.868652      30      0.5      0      
1638197465.2682927      18.566895      2.441406      30      0.5      0      
1638197465.378996      18.533936      2.563477      30      0.5      0      
1638197465.4896998      18.880005      2.014160      30      0.5      0      
1638197465.5988474      18.764648      -8.605957      30      0.5      0      
1638197465.7095516      20.626831      -10.742188      30      0.5      0      
1638197465.8208177      21.467285      -14.038086      30      0.5      0      
1638197465.9317276      23.719482      -13.366699      30      0.5      0      
1638197466.0444264      25.878296      -29.785156      30      0.5      0      
1638197466.157127      27.713013      -17.150879      30      0.5      0      
1638197466.26639      28.948975      -3.540039      30      0.5      0      
1638197466.3780923      29.635620      -4.333496      30      0.5      0      
1638197466.4890447      29.668579      -0.183105      30      0.5      0      
1638197466.5977535      28.635864      8.850098      30      0.5      0      
1638197466.7084575      27.487793      12.145996      30      0.5      0      
1638197466.8201587      26.400146      6.652832      30      0.5      0      
1638197466.9318602      25.614624      10.192871      30      0.5      0      
1638197467.0426102      23.911743      17.761230      30      0.5      0      
1638197467.155366      22.406616      20.202637      30      0.5      0      
1638197467.2660725      20.863037      13.488770      30      0.5      0      
1638197467.3768668      19.846802      3.784180      30      0.5      0      
1638197467.4875708      19.253540      4.150391      30      0.5      0      
1638197467.5972776      19.182129      3.479004      30      0.5      0      
1638197467.7093818      19.390869      1.525879      30      0.5      0      
1638197467.8190887      19.390869      -7.507324      30      0.5      0      
1638197467.9297934      21.236572      -7.385254      30      0.5      0      
1638197468.0424924      23.065796      -24.719238      30      0.5      0      
1638197468.1541934      24.296265      -11.413574      30      0.5      0      
1638197468.2648985      26.400146      -28.137207      30      0.5      0      
1638197468.3765988      28.278809      -16.235352      30      0.5      0      
1638197468.4873025      29.388428      -3.784180      30      0.5      0      
1638197468.5980084      30.036621      -4.638672      30      0.5      0      
1638197468.707715      30.064087      0.183105      30      0.5      0      
1638197468.8194163      28.970947      11.047363      30      0.5      0      
1638197468.930121      27.833862      8.239746      30      0.5      0      
1638197469.0398269      26.845093      9.765625      30      0.5      0      
1638197469.1535232      25.323486      20.141602      30      0.5      0      
1638197469.2652237      24.367676      8.239746      30      0.5      0      
1638197469.3749309      22.884521      22.827148      30      0.5      0      
1638197469.485635      21.351929      11.474609      30      0.5      0      
1638197469.5963385      20.291748      2.807617      30      0.5      0      
1638197469.708041      19.747925      2.441406      30      0.5      0      
1638197469.8177474      19.714966      2.929688      30      0.5      0      
1638197469.928451      20.242310      -6.164551      30      0.5      0      
1638197470.038432      20.214844      0.610352      30      0.5      0      
1638197470.1505337      21.785889      -6.347656      30      0.5      0      
1638197470.2622347      23.631592      -30.456543      30      0.5      0      
1638197470.374932      24.889526      -16.906738      30      0.5      0      
1638197470.4846392      26.927490      -27.526855      30      0.5      0      
1638197470.595343      28.795166      -19.348145      30      0.5      0      
1638197470.7060475      29.992676      -5.493164      30      0.5      0      
1638197470.8157554      30.613403      -3.295898      30      0.5      0      
1638197470.9284532      30.596924      0.000000      30      0.5      0      
1638197471.0381606      29.597168      6.042480      30      0.5      0      
1638197471.1488664      28.405151      6.591797      30      0.5      0      
1638197471.2605653      27.344971      10.070801      30      0.5      0      
1638197471.3722675      25.867310      22.460938      30      0.5      0      
1638197471.4829714      24.834595      13.244629      30      0.5      0      
1638197471.594672      23.389893      21.423340      30      0.5      0      
1638197471.705377      21.769409      13.916016      30      0.5      0      
1638197471.8160799      20.797119      3.601074      30      0.5      0      
1638197471.9270172      20.236816      3.479004      30      0.5      0      
1638197472.037721      20.159912      2.014160      30      0.5      0      
1638197472.1484256      20.549927      1.159668      30      0.5      0      
1638197472.2598493      20.434570      -4.699707      30      0.5      0      
1638197472.3715498      22.274780      -8.239746      30      0.5      0      
1638197472.482254      24.147949      -32.226562      30      0.5      0      
1638197472.5935314      25.416870      -11.047363      30      0.5      0      
1638197472.7039359      27.344971      -28.808594      30      0.5      0      
1638197472.8176315      29.355469      -18.005371      30      0.5      0      
1638197472.9253643      30.459595      -4.028320      30      0.5      0      
1638197473.0360677      31.096802      -4.150391      30      0.5      0      
1638197473.1490066      31.047363      -1.770020      30      0.5      0      
1638197473.2587144      30.058594      9.094238      30      0.5      0      
1638197473.3704138      28.937988      10.192871      30      0.5      0      
1638197473.4811363      27.982178      7.202148      30      0.5      0      
1638197473.5918405      26.559448      23.498535      30      0.5      0      
1638197473.7035418      25.543213      8.605957      30      0.5      0      
1638197473.8132484      23.911743      20.446777      30      0.5      0      
1638197473.924951      22.368164      14.160156      30      0.5      0      
1638197474.0366518      21.318970      4.455566      30      0.5      0      
1638197474.145823      20.769653      2.624512      30      0.5      0      
1638197474.2577455      20.698242      1.647949      30      0.5      0      
1638197474.3689163      21.275024      -0.061035      30      0.5      0      
1638197474.4796188      21.148682      -5.371094      30      0.5      0      
1638197474.5907402      22.933960      -10.437012      30      0.5      0      
1638197474.7024412      24.763184      -30.944824      30      0.5      0      
1638197474.8131764      25.955200      -17.700195      30      0.5      0      
1638197474.923881      28.053589      -29.296875      30      0.5      0      
1638197475.036045      29.871826      -15.625000      30      0.5      0      
1638197475.14619      31.096802      -4.028320      30      0.5      0      
1638197475.2573583      31.744995      -3.479004      30      0.5      0      
1638197475.3680625      31.706543      -0.976562      30      0.5      0      
1638197475.4787674      30.607910      12.878418      30      0.5      0      
1638197475.5894709      29.487305      9.765625      30      0.5      0      
1638197475.7001743      28.218384      5.737305      30      0.5      0      
1638197475.8130097      26.993408      17.333984      30      0.5      0      
1638197475.9231842      26.119995      20.996094      30      0.5      0      
1638197476.035123      24.422607      22.216797      30      0.5      0      
1638197476.144357      22.895508      11.230469      30      0.5      0      
1638197476.2560582      21.879272      3.112793      30      0.5      0      
1638197476.3673801      21.362915      2.868652      30      0.5      0      
1638197476.4770868      21.335449      2.990723      30      0.5      0      
1638197476.5880566      22.027588      -6.652832      30      0.5      0      
1638197476.6991534      21.978149      0.915527      30      0.5      0      
1638197476.811082      23.686523      -6.469727      30      0.5      0      
1638197476.9218562      25.570679      -30.212402      30      0.5      0      
1638197477.0329409      26.614380      -29.052734      30      0.5      0      
1638197477.1432605      28.740234      -26.184082      30      0.5      0      
1638197477.255999      30.585938      -11.169434      30      0.5      0      
1638197477.3657682      31.882324      -7.019043      30      0.5      0      
1638197477.4755206      32.519531      -6.042480      30      0.5      0      
1638197477.586485      32.568970      2.075195      30      0.5      0      
1638197477.6984668      31.464844      7.324219      30      0.5      0      
1638197477.8095973      30.377197      4.272461      30      0.5      0      
1638197477.922296      29.333496      13.366699      30      0.5      0      
1638197478.0324383      28.059082      23.925781      30      0.5      0      
1638197478.1443584      27.037354      24.597168      30      0.5      0      
1638197478.2540655      25.433350      21.362305      30      0.5      0      
1638197478.3662002      23.983154      9.826660      30      0.5      0      
1638197478.474668      22.977905      3.112793      30      0.5      0      
1638197478.5857692      22.500000      2.624512      30      0.5      0      
1638197478.6976812      22.456055      2.441406      30      0.5      0      
1638197478.8083863      23.065796      -4.943848      30      0.5      0      
1638197478.9190905      22.983398      0.427246      30      0.5      0      
1638197479.0314424      24.697266      -5.859375      30      0.5      0      
1638197479.142583      26.696777      -31.982422      30      0.5      0      
1638197479.2536187      27.734985      -19.836426      30      0.5      0      
1638197479.364807      29.910278      -29.418945      30      0.5      0      
1638197479.4739428      31.673584      -13.610840      30      0.5      0      
1638197479.584123      33.118286      -4.882812      30      0.5      0      
1638197479.696094      33.750000      -5.493164      30      0.5      0      
1638197479.806798      33.821411      -1.159668      30      0.5      0      
1638197479.9185245      32.920532      9.033203      30      0.5      0      
1638197480.032223      31.717529      11.352539      30      0.5      0      
1638197480.1411338      30.794678      10.559082      30      0.5      0      
1638197480.2524157      29.300537      21.606445      30      0.5      0      
1638197480.364117      28.405151      17.150879      30      0.5      0      
1638197480.472826      26.823120      20.141602      30      0.5      0      
1638197480.5835712      25.433350      8.300781      30      0.5      0      
1638197480.6948595      24.384155      3.906250      30      0.5      0      
1638197480.806561      23.911743      3.479004      30      0.5      0      
1638197480.9173138      23.889771      1.953125      30      0.5      0      
1638197481.031011      24.461060      -8.117676      30      0.5      0      
1638197481.1397204      24.537964      -0.183105      30      0.5      0      
1638197481.2518115      26.125488      -5.554199      30      0.5      0      
1638197481.3629096      28.146973      -28.869629      30      0.5      0      
1638197481.4726162      29.262085      -26.428223      30      0.5      0      
1638197481.5825117      31.426392      -23.620605      30      0.5      0      
1638197481.693216      33.261108      -12.207031      30      0.5      0      
1638197481.8043237      34.678345      -7.507324      30      0.5      0      
1638197481.9160266      35.304565      -4.333496      30      0.5      0      
1638197482.0287254      35.343018      0.305176      30      0.5      0      
1638197482.141423      34.557495      19.531250      30      0.5      0      
1638197482.2503579      33.288574      8.544922      30      0.5      0      
1638197482.3620594      32.448120      10.437012      30      0.5      0      
1638197482.471685      31.003418      22.766113      30      0.5      0      
1638197482.582665      30.097046      22.583008      30      0.5      0      
1638197482.6923907      28.454590      21.606445      30      0.5      0      
1638197482.8031466      27.092285      9.521484      30      0.5      0      
1638197482.9160883      26.043091      2.990723      30      0.5      0      
1638197483.026792      25.598145      3.234863      30      0.5      0      
1638197483.1376836      25.587158      1.892090      30      0.5      0      
1638197483.2493849      25.839844      0.976562      30      0.5      0      
1638197483.3603888      25.949707      -15.808105      30      0.5      0      
1638197483.4700963      27.817383      -11.474609      30      0.5      0      
1638197483.5823078      29.965210      -31.921387      30      0.5      0      
1638197483.6930118      31.124268      -29.724121      30      0.5      0      
1638197483.8027189      33.332520      -29.907227      30      0.5      0      
1638197483.9144535      35.079346      -15.563965      30      0.5      0      
1638197484.0251586      36.600952      -4.760742      30      0.5      0      
1638197484.1360831      37.320557      -4.333496      30      0.5      0      
1638197484.249779      37.359009      0.305176      30      0.5      0      
1638197484.3591256      36.633911      16.967773      30      0.5      0      
1638197484.4699972      35.474854      7.568359      30      0.5      0      
1638197484.5814903      34.650879      21.789551      30      0.5      0      
1638197484.6916375      33.305054      23.986816      30      0.5      0      
1638197484.8013444      31.530762      6.286621      30      0.5      0      
1638197484.9140434      30.618896      19.592285      30      0.5      0      
1638197485.0247486      29.300537      5.676270      30      0.5      0      
1638197485.1360755      28.339233      2.807617      30      0.5      0      
1638197485.2467809      27.894287      3.723145      30      0.5      0      
1638197485.3575344      27.932739      1.220703      30      0.5      0      
1638197485.468239      28.487549      -5.798340      30      0.5      0      
1638197485.57994      28.476562      -10.437012      30      0.5      0      
1638197485.6911283      30.300293      -14.831543      30      0.5      0      
1638197485.8008964      32.459106      -33.081055      30      0.5      0      
1638197485.9116006      34.601440      -6.835938      30      0.5      0      
1638197486.0223055      35.809937      -27.770996      30      0.5      0      
1638197486.1342096      37.534790      -10.498047      30      0.5      0      
1638197486.2459095      38.968506      -6.408691      30      0.5      0      
1638197486.3586538      39.682617      -5.493164      30      0.5      0      
1638197486.4679124      39.732056      -0.061035      30      0.5      0      
1638197486.5788364      38.919067      20.202637      30      0.5      0      
1638197486.6900558      37.694092      11.535645      30      0.5      0      
1638197486.8007586      36.562500      2.685547      30      0.5      0      
1638197486.9109058      35.277100      14.038086      30      0.5      0      
1638197487.02261      33.739014      4.821777      30      0.5      0      
1638197487.1333117      32.843628      22.399902      30      0.5      0      
1638197487.2450132      31.536255      7.263184      30      0.5      0      
1638197487.3550694      30.591431      3.601074      30      0.5      0      
1638197487.465773      30.195923      2.380371      30      0.5      0      
1638197487.5784726      30.316772      0.732422      30      0.5      0      
1638197487.6886697      31.036377      -7.873535      30      0.5      0      
1638197487.8003714      31.464844      0.854492      30      0.5      0      
1638197487.9100783      32.843628      -7.385254      30      0.5      0      
1638197488.020782      34.925537      -27.343750      30      0.5      0      
1638197488.132679      37.029419      -8.239746      30      0.5      0      
1638197488.2443805      38.254395      -26.977539      30      0.5      0      
1638197488.3548732      40.012207      -7.873535      30      0.5      0      
1638197488.4658144      41.418457      -8.056641      30      0.5      0      
1638197488.5775168      42.099609      -4.699707      30      0.5      0      
1638197488.687222      42.203979      1.220703      30      0.5      0      
1638197488.799157      41.358032      18.798828      30      0.5      0      
1638197488.9098628      40.133057      4.333496      30      0.5      0      
1638197489.020565      39.292603      19.165039      30      0.5      0      
1638197489.1315467      37.831421      23.925781      30      0.5      0      
1638197489.2424436      36.238403      4.028320      30      0.5      0      
1638197489.3531482      35.260620      21.606445      30      0.5      0      
1638197489.46485      33.975220      7.690430      30      0.5      0      
1638197489.575554      33.052368      1.342773      30      0.5      0      
1638197489.6872547      32.684326      3.356934      30      0.5      0      
1638197489.7979586      32.739258      1.831055      30      0.5      0      
1638197489.908663      33.480835      -11.169434      30      0.5      0      
1638197490.0205781      34.090576      1.037598      30      0.5      0      
1638197490.129697      35.359497      -8.728027      30      0.5      0      
1638197490.240885      37.589722      -33.142090      30      0.5      0      
1638197490.3515887      39.732056      -7.385254      30      0.5      0      
1638197490.4632905      40.962524      -22.949219      30      0.5      0      
1638197490.5742092      42.703857      -15.380859      30      0.5      0      
1638197490.685911      44.126587      -5.310059      30      0.5      0      
1638197490.7966864      44.791260      -3.601074      30      0.5      0      
1638197490.908519      44.917603      -0.915527      30      0.5      0      
1638197491.0194886      44.110107      16.662598      30      0.5      0      
1638197491.1286244      42.786255      11.169434      30      0.5      0      
1638197491.2404993      41.984253      13.671875      30      0.5      0      
1638197491.3504548      40.506592      13.854980      30      0.5      0      
1638197491.4611592      38.880615      7.385254      30      0.5      0      
1638197491.5718634      38.040161      16.479492      30      0.5      0      
1638197491.684618      36.688843      4.760742      30      0.5      0      
1638197491.7973158      35.749512      3.051758      30      0.5      0      
1638197491.9070234      35.381470      2.258301      30      0.5      0      
1638197492.0177274      35.458374      0.488281      30      0.5      0      
1638197492.1286507      36.062622      -6.225586      30      0.5      0      
1638197492.239355      36.101074      -0.915527      30      0.5      0      
1638197492.350059      37.935791      -16.784668      30      0.5      0      
1638197492.4602475      40.259399      -35.644531      30      0.5      0      
1638197492.5721364      42.286377      -6.225586      30      0.5      0      
1638197492.6830692      43.330078      -18.676758      30      0.5      0      
1638197492.7937722      45.401001      -10.498047      30      0.5      0      
1638197492.9064724      46.779785      -5.981445      30      0.5      0      
1638197493.0171769      47.482910      -5.371094      30      0.5      0      
1638197493.127268      47.609253      -0.549316      30      0.5      0      
1638197493.2392437      46.917114      17.150879      30      0.5      0      
1638197493.3493264      45.659180      6.469727      30      0.5      0      
1638197493.4592643      44.813232      18.371582      30      0.5      0      
1638197493.5704875      43.280640      20.690918      30      0.5      0      
1638197493.6814015      41.748047      4.577637      30      0.5      0      
1638197493.7931058      41.017456      13.549805      30      0.5      0      
1638197493.905801      39.473877      5.554199      30      0.5      0      
1638197494.0163767      38.523560      4.577637      30      0.5      0      
1638197494.1270807      38.171997      4.211426      30      0.5      0      
1638197494.2377841      38.232422      -0.366211      30      0.5      0      
1638197494.3494847      38.869629      -8.544922      30      0.5      0      
1638197494.4590037      39.094849      -0.305176      30      0.5      0      
1638197494.5687103      40.654907      -15.380859      30      0.5      0      
1638197494.6804113      42.863159      -29.052734      30      0.5      0      
1638197494.7921133      45.120850      -8.300781      30      0.5      0      
1638197494.9054413      46.071167      -12.634277      30      0.5      0      
1638197495.015618      48.109131      -13.366699      30      0.5      0      
1638197495.126321      49.498901      -12.756348      30      0.5      0      
1638197495.238094      50.256958      -4.333496      30      0.5      0      
1638197495.3480551      50.388794      -2.258301      30      0.5      0      
1638197495.4577603      49.641724      14.343262      30      0.5      0      
1638197495.5684648      48.449707      9.216309      30      0.5      0      
1638197495.6791685      47.504883      21.301270      30      0.5      0      
1638197495.7900631      46.032715      6.347656      30      0.5      0      
1638197495.9027627      44.494629      9.094238      30      0.5      0      
1638197496.0168731      43.807983      9.216309      30      0.5      0      
1638197496.1247368      42.258911      5.004883      30      0.5      0      
1638197496.23605      41.330566      8.789062      30      0.5      0      
1638197496.3477511      40.885620      2.502441      30      0.5      0      
1638197496.4567075      40.924072      -3.173828      30      0.5      0      
1638197496.5674548      41.478882      -5.859375      30      0.5      0      
1638197496.6791553      41.467896      -2.624512      30      0.5      0      
1638197496.7901492      43.286133      -16.601562      30      0.5      0      
1638197496.90231      45.379028      -32.348633      30      0.5      0      
1638197497.012177      47.669678      -7.568359      30      0.5      0      
1638197497.124658      48.724365      -9.765625      30      0.5      0      
1638197497.2353625      50.696411      -11.535645      30      0.5      0      
1638197497.3462784      52.003784      -12.573242      30      0.5      0      
1638197497.4569836      52.844238      -6.164551      30      0.5      0      
1638197497.5683358      52.998047      9.094238      30      0.5      0      
1638197497.6780427      52.218018      15.502930      30      0.5      0      
1638197497.7887466      51.097412      1.098633      30      0.5      0      
1638197497.9009378      50.202026      13.366699      30      0.5      0      
1638197498.0110822      48.795776      14.709473      30      0.5      0      
1638197498.1217859      47.109375      3.051758      30      0.5      0      
1638197498.233488      46.422729      8.239746      30      0.5      0      
1638197498.3456786      44.835205      4.760742      30      0.5      0      
1638197498.455385      43.857422      8.483887      30      0.5      0      
1638197498.5669038      43.461914      3.051758      30      0.5      0      
1638197498.67661      43.478394      -2.685547      30      0.5      0      
1638197498.7883124      44.170532      -8.544922      30      0.5      0      
1638197498.8987958      44.983521      -2.624512      30      0.5      0      
1638197499.0109017      45.983276      -10.009766      30      0.5      0      
1638197499.1214516      47.850952      -22.827148      30      0.5      0      
1638197499.2344024      50.333862      -5.493164      30      0.5      0      
1638197499.3441546      51.416016      -15.808105      30      0.5      0      
1638197499.4543455      53.338623      -10.986328      30      0.5      0      
1638197499.5660474      54.700928      -13.427734      30      0.5      0      
1638197499.6757543      55.502930      -5.187988      30      0.5      0      
1638197499.7876956      55.612793      1.586914      30      0.5      0      
1638197499.8977885      54.887695      18.676758      30      0.5      0      
1638197500.0089462      53.684692      2.990723      30      0.5      0      
1638197500.1206477      52.673950      18.066406      30      0.5      0      
1638197500.2313776      51.251221      11.413574      30      0.5      0      
1638197500.3440776      49.482422      5.554199      30      0.5      0      
1638197500.4532132      48.839722      14.526367      30      0.5      0      
1638197500.5639174      47.329102      6.591797      30      0.5      0      
1638197500.6766543      46.345825      8.911133      30      0.5      0      
1638197500.7873595      45.917358      1.770020      30      0.5      0      
1638197500.8960686      45.950317      -2.685547      30      0.5      0      
1638197501.00777      46.543579      -5.187988      30      0.5      0      
1638197501.1191459      46.521606      0.549316      30      0.5      0      
1638197501.2301505      48.482666      -29.357910      30      0.5      0      
1638197501.340895      50.245972      -34.790039      30      0.5      0      
1638197501.4525964      52.899170      -7.751465      30      0.5      0      
1638197501.56435      53.909912      -10.314941      30      0.5      0      
1638197501.6750546      55.854492      -11.779785      30      0.5      0      
1638197501.7847617      57.156372      -12.207031      30      0.5      0      
1638197501.8966477      57.969360      -3.906250      30      0.5      0      
1638197502.0065832      58.051758      5.859375      30      0.5      0      
1638197502.1172864      57.238770      18.432617      30      0.5      0      
1638197502.2299857      56.052246      4.211426      30      0.5      0      
1638197502.3396926      55.046997      20.751953      30      0.5      0      
1638197502.4513938      53.690186      10.498047      30      0.5      0      
1638197502.5630953      51.844482      6.713867      30      0.5      0      
1638197502.6738005      50.372314      18.493652      30      0.5      0      
1638197502.7857242      49.581299      6.469727      30      0.5      0      
1638197502.8954291      48.669434      7.568359      30      0.5      0      
1638197503.0055711      48.175049      3.112793      30      0.5      0      
1638197503.1182714      48.240967      -3.356934      30      0.5      0      
1638197503.2280412      48.894653      -7.263184      30      0.5      0      
1638197503.3378634      49.141846      0.305176      30      0.5      0      
1638197503.4495656      50.696411      -22.216797      30      0.5      0      
1638197503.5622628      52.613525      -29.174805      30      0.5      0      
1638197503.6729689      55.123901      -6.713867      30      0.5      0      
1638197503.7836726      57.150879      -23.620605      30      0.5      0      
1638197503.8943775      58.134155      -10.559082      30      0.5      0      
1638197504.0065286      59.414062      -12.145996      30      0.5      0      
1638197504.116236      60.166626      -5.493164      30      0.5      0      
1638197504.2279365      60.281982      0.366211      30      0.5      0      
1638197504.3376439      59.507446      17.639160      30      0.5      0      
1638197504.4493449      58.271484      3.234863      30      0.5      0      
1638197504.5612602      57.398071      15.197754      30      0.5      0      
1638197504.671135      55.881958      12.573242      30      0.5      0      
1638197504.7822008      54.113159      7.019043      30      0.5      0      
1638197504.8939607      52.640991      16.540527      30      0.5      0      
1638197505.0046637      51.888428      6.896973      30      0.5      0      
1638197505.114062      50.916138      6.408691      30      0.5      0      
1638197505.2307506      50.460205      3.051758      30      0.5      0      
1638197505.3384619      50.509644      -0.854492      30      0.5      0      
1638197505.4493356      51.047974      -7.751465      30      0.5      0      
1638197505.5604424      51.207275      0.427246      30      0.5      0      
1638197505.676133      52.838745      -26.611328      30      0.5      0      
1638197505.7838476      54.667969      -31.127930      30      0.5      0      
1638197505.8945498      57.150879      -10.620117      30      0.5      0      
1638197506.0042555      59.199829      -24.536133      30      0.5      0      
1638197506.1149595      60.210571      -10.437012      30      0.5      0      
1638197506.2256637      61.517944      -11.352539      30      0.5      0      
1638197506.3363686      62.270508      -4.699707      30      0.5      0      
1638197506.450068      62.413330      2.075195      30      0.5      0      
1638197506.558773      61.600342      18.859863      30      0.5      0      
1638197506.670711      60.380859      1.953125      30      0.5      0      
1638197506.781416      59.529419      19.348145      30      0.5      0      
1638197506.8915458      58.112183      8.728027      30      0.5      0      
1638197507.0032473      56.310425      4.638672      30      0.5      0      
1638197507.1139512      54.909668      19.042969      30      0.5      0      
1638197507.2236586      0.000000      7.019043      30      0.5      0      
1638197507.3345442      53.091431      5.004883      30      0.5      0      
1638197507.4456606      52.608032      4.089355      30      0.5      0      
1638197507.555367      52.662964      -1.220703      30      0.5      0      
