1638195210.016166      -15.034790      0.122070      30      1      0      
1638195210.1258717      -14.721680      -31.799316      30      1      0      
1638195210.2372472      -10.689697      -68.786621      30      1      0      
1638195210.3489494      -6.289673      -12.451172      30      1      0      
1638195210.4586549      -3.718872      -11.718750      30      1      0      
1638195210.568581      -3.290405      -2.807617      30      1      0      
1638195210.6793597      -4.575806      12.268066      30      1      0      
1638195210.7920592      -6.844482      9.704590      30      1      0      
1638195210.9027636      -11.206055      20.141602      30      1      0      
1638195211.0139499      -13.864746      14.587402      30      1      0      
1638195211.1251335      -14.606323      -2.380371      30      1      0      
1638195211.2363143      -14.139404      -47.729492      30      1      0      
1638195211.3482113      -10.189819      -76.904297      30      1      0      
1638195211.4570851      -5.619507      -14.953613      30      1      0      
1638195211.5697856      -2.861938      -13.732910      30      1      0      
1638195211.6781058      -2.340088      -10.009766      30      1      0      
1638195211.7910244      -3.455200      10.314941      30      1      0      
1638195211.900768      -5.707397      22.094727      30      1      0      
1638195212.0135055      -9.711914      15.014648      30      1      0      
1638195212.1234267      -12.249756      16.113281      30      1      0      
1638195212.2347445      -12.810059      -2.197266      30      1      0      
1638195212.346445      -12.332153      -41.748047      30      1      0      
1638195212.4571478      -7.811279      -67.871094      30      1      0      
1638195212.5672503      -3.339844      -20.019531      30      1      0      
1638195212.677953      -0.439453      -13.244629      30      1      0      
1638195212.7896543      0.076904      -7.324219      30      1      0      
1638195212.9015844      -1.323853      15.258789      30      1      0      
1638195213.0127885      -3.103638      27.832031      30      1      0      
1638195213.1224957      -7.014771      12.878418      30      1      0      
1638195213.234276      -9.459229      13.427734      30      1      0      
1638195213.3453414      -9.959106      -4.333496      30      1      0      
1638195213.4563096      -9.503174      -47.668457      30      1      0      
1638195213.5664375      -5.092163      -78.369141      30      1      0      
1638195213.6761444      -0.263672      -15.563965      30      1      0      
1638195213.787846      2.730103      -14.038086      30      1      0      
1638195213.8999527      3.229980      -12.573242      30      1      0      
1638195214.0098445      2.153320      9.033203      30      1      0      
1638195214.12202      0.137329      40.710449      30      1      0      
1638195214.2327244      -3.592529      14.282227      30      1      0      
1638195214.3434267      -5.954590      15.380859      30      1      0      
1638195214.4551296      -6.432495      -1.037598      30      1      0      
1638195214.5665941      -5.734863      -28.076172      30      1      0      
1638195214.6753037      -1.477661      -63.354492      30      1      0      
1638195214.786412      2.911377      -18.615723      30      1      0      
1638195214.9015486      5.905151      -15.197754      30      1      0      
1638195215.0096984      5.976562      17.089844      30      1      0      
1638195215.120403      5.350342      7.019043      30      1      0      
1638195215.2311056      3.427734      19.348145      30      1      0      
1638195215.3428082      -0.604248      19.958496      30      1      0      
1638195215.454018      -2.999268      15.625000      30      1      0      
1638195215.564381      -3.455200      -0.732422      30      1      0      
1638195215.6751397      -2.817993      -46.508789      30      1      0      
1638195215.7870648      1.367798      -70.373535      30      1      0      
1638195215.8972256      6.157837      -20.141602      30      1      0      
1638195216.0073354      9.157104      -13.366699      30      1      0      
1638195216.120525      9.459229      11.169434      30      1      0      
1638195216.2306561      9.217529      8.178711      30      1      0      
1638195216.3415961      6.904907      25.207520      30      1      0      
1638195216.4522996      2.960815      14.221191      30      1      0      
1638195216.5630045      0.664673      14.404297      30      1      0      
1638195216.6747055      0.192261      -0.183105      30      1      0      
1638195216.7854097      1.010742      -33.020020      30      1      0      
1638195216.8961132      5.300903      -73.669434      30      1      0      
1638195217.0068188      9.843750      -21.545410      30      1      0      
1638195217.119517      12.936401      -17.211914      30      1      0      
1638195217.2302213      13.260498      10.620117      30      1      0      
1638195217.340925      12.738647      7.446289      30      1      0      
1638195217.4516342      10.848999      33.325195      30      1      0      
1638195217.562333      6.844482      16.479492      30      1      0      
1638195217.6760345      4.449463      11.657715      30      1      0      
1638195217.7897267      4.053955      -7.080078      30      1      0      
1638195217.8961756      4.757080      -41.137695      30      1      0      
1638195218.0061016      8.970337      -78.918457      30      1      0      
1638195218.117804      13.650513      -26.733398      30      1      0      
1638195218.2275114      16.660767      -16.479492      30      1      0      
1638195218.3382137      17.078247      7.934570      30      1      0      
1638195218.4513175      16.831055      11.108398      30      1      0      
1638195218.562023      14.688721      13.061523      30      1      0      
1638195218.6727254      10.783081      14.587402      30      1      0      
1638195218.7838602      8.393555      7.812500      30      1      0      
1638195218.8959486      7.932129      -0.793457      30      1      0      
1638195219.0056555      8.728638      -41.198730      30      1      0      
1638195219.116358      13.013306      -67.077637      30      1      0      
1638195219.226262      17.616577      -40.405273      30      1      0      
1638195219.3379622      20.780640      -15.808105      30      1      0      
1638195219.44912      21.203613      3.417969      30      1      0      
1638195219.5608218      20.972900      9.460449      30      1      0      
1638195219.6725237      18.962402      17.517090      30      1      0      
1638195219.783227      15.089722      3.723145      30      1      0      
1638195219.8952785      12.650757      14.282227      30      1      0      
1638195220.0043595      12.200317      -0.549316      30      1      0      
1638195220.1160622      12.897949      -37.475586      30      1      0      
1638195220.2257679      17.286987      -78.674316      30      1      0      
1638195220.336734      22.186890      -22.216797      30      1      0      
1638195220.4474385      25.400391      -17.333984      30      1      0      
1638195220.5601373      25.773926      1.892090      30      1      0      
1638195220.6708405      25.713501      6.469727      30      1      0      
1638195220.7825432      23.362427      42.785645      30      1      0      
1638195220.8932476      19.583130      9.643555      30      1      0      
1638195221.004029      17.276001      9.338379      30      1      0      
1638195221.1149814      16.831055      -2.014160      30      1      0      
1638195221.224211      17.748413      -28.198242      30      1      0      
1638195221.334915      22.357178      -78.125000      30      1      0      
1638195221.4469821      27.119751      -30.761719      30      1      0      
1638195221.5566905      30.294800      -16.296387      30      1      0      
1638195221.6693892      30.525513      13.000488      30      1      0      
1638195221.7810898      30.168457      4.699707      30      1      0      
1638195221.8915133      28.333740      40.039062      30      1      0      
1638195222.0028358      24.576416      8.117676      30      1      0      
1638195222.114537      22.181396      13.549805      30      1      0      
1638195222.2232463      21.670532      -0.183105      30      1      0      
1638195222.334183      22.384644      -18.920898      30      1      0      
1638195222.4458823      26.751709      -65.124512      30      1      0      
1638195222.5565865      31.420898      -20.874023      30      1      0      
1638195222.6677394      34.508057      -15.502930      30      1      0      
1638195222.7804391      34.667358      15.441895      30      1      0      
1638195222.8911417      34.244385      0.854492      30      1      0      
1638195223.0019903      32.107544      26.733398      30      1      0      
1638195223.113692      28.311768      27.893066      30      1      0      
1638195223.223399      25.966187      12.695312      30      1      0      
1638195223.333105      25.504761      -1.831055      30      1      0      
1638195223.4448063      26.361694      -32.714844      30      1      0      
1638195223.5555108      30.679321      -73.181152      30      1      0      
1638195223.666215      35.117798      -27.709961      30      1      0      
1638195223.7789135      38.150024      -15.197754      30      1      0      
1638195223.8906157      38.166504      9.704590      30      1      0      
1638195224.0005975      37.825928      -1.098633      30      1      0      
1638195224.1125178      35.584717      28.808594      30      1      0      
1638195224.2232234      31.679077      13.671875      30      1      0      
1638195224.3339264      29.300537      11.840820      30      1      0      
1638195224.4446313      28.828125      -3.051758      30      1      0      
1638195224.5543375      29.591675      -30.883789      30      1      0      
1638195224.666039      33.914795      -75.378418      30      1      0      
1638195224.776747      38.583984      -27.343750      30      1      0      
1638195224.8894432      41.473389      -16.174316      30      1      0      
1638195225.0016615      41.605225      13.610840      30      1      0      
1638195225.1114016      41.105347      -0.305176      30      1      0      
1638195225.2215154      38.776245      18.066406      30      1      0      
1638195225.3332167      35.227661      38.635254      30      1      0      
1638195225.4423463      32.827148      7.812500      30      1      0      
1638195225.553051      32.365723      -1.037598      30      1      0      
1638195225.6642165      33.348999      -41.381836      30      1      0      
1638195225.7755985      37.699585      -69.946289      30      1      0      
1638195225.8882992      42.214966      -37.170410      30      1      0      
1638195226.0005176      45.181274      -14.343262      30      1      0      
1638195226.1096776      45.208740      5.493164      30      1      0      
1638195226.2208705      44.879150      0.244141      30      1      0      
1638195226.3314035      42.709351      23.864746      30      1      0      
1638195226.4422908      38.710327      23.254395      30      1      0      
1638195226.5529947      36.254883      11.413574      30      1      0      
1638195226.6621642      35.722046      -0.671387      30      1      0      
1638195226.775278      36.452637      -36.132812      30      1      0      
1638195226.886978      40.545044      -75.988770      30      1      0      
1638195227.0002923      45.637207      -23.620605      30      1      0      
1638195227.10929      48.427734      -15.197754      30      1      0      
1638195227.2199934      48.680420      3.662109      30      1      0      
1638195227.330126      48.526611      4.882812      30      1      0      
1638195227.4410899      46.126099      30.151367      30      1      0      
1638195227.5507967      42.440186      19.348145      30      1      0      
1638195227.663014      40.056152      8.728027      30      1      0      
1638195227.773862      39.501343      1.403809      30      1      0      
1638195227.885029      40.281372      -23.681641      30      1      0      
1638195227.9963934      43.972778      -56.152344      30      1      0      
1638195228.1075125      49.114380      -32.348633      30      1      0      
1638195228.2183564      51.915894      -13.000488      30      1      0      
1638195228.3292818      51.948853      10.192871      30      1      0      
1638195228.4409838      51.690674      6.408691      30      1      0      
1638195228.5506916      49.328613      46.752930      30      1      0      
1638195228.6627688      45.230713      34.118652      30      1      0      
1638195228.7714784      42.786255      11.779785      30      1      0      
1638195228.8842335      42.192993      -2.685547      30      1      0      
1638195228.9952114      42.989502      -22.277832      30      1      0      
1638195229.1069143      46.851196      -38.146973      30      1      0      
1638195229.217804      51.696167      -24.658203      30      1      0      
1638195229.3285081      54.371338      -13.610840      30      1      0      
1638195229.4396672      54.338379      5.859375      30      1      0      
1638195229.55057      53.838501      4.211426      30      1      0      
1638195229.661275      51.394043      32.653809      30      1      0      
1638195229.7709808      47.669678      31.738281      30      1      0      
1638195229.8826826      45.186768      9.826660      30      1      0      
1638195229.9946094      44.708862      -3.784180      30      1      0      
1638195230.1053133      45.642700      -9.643555      30      1      0      
1638195230.217014      49.411011      -48.522949      30      1      0      
1638195230.3271322      54.514160      -26.062012      30      1      0      
1638195230.4388332      56.920166      -10.803223      30      1      0      
1638195230.55099      57.052002      6.408691      30      1      0      
1638195230.6609304      56.848755      7.995605      30      1      0      
1638195230.7706378      54.146118      25.573730      30      1      0      
1638195230.8813338      50.213013      21.240234      30      1      0      
1638195230.9932327      47.812500      9.338379      30      1      0      
1638195231.1043873      47.246704      -0.671387      30      1      0      
1638195231.2150917      48.087158      -28.076172      30      1      0      
1638195231.3282351      52.163086      -62.072754      30      1      0      
1638195231.4383802      56.942139      -24.047852      30      1      0      
1638195231.5481653      59.397583      -10.375977      30      1      0      
1638195231.6600728      59.458008      6.469727      30      1      0      
1638195231.7697787      59.304199      2.807617      30      1      0      
1638195231.8824785      56.370850      49.804688      30      1      0      
1638195231.9915874      52.542114      18.981934      30      1      0      
1638195232.10271      50.048218      9.033203      30      1      0      
1638195232.2132788      49.553833      -4.089355      30      1      0      
1638195232.3245635      50.388794      -18.371582      30      1      0      
1638195232.4366148      54.107666      -66.711426      30      1      0      
1638195232.5473204      59.155884      -22.949219      30      1      0      
1638195232.6580265      61.512451      -10.742188      30      1      0      
1638195232.769727      61.523438      10.253906      30      1      0      
1638195232.879832      60.232544      40.649414      30      1      0      
1638195232.991728      58.436279      22.949219      30      1      0      
1638195233.101117      54.618530      26.611328      30      1      0      
1638195233.2128186      52.250977      10.925293      30      1      0      
1638195233.3237143      51.789551      -3.356934      30      1      0      
1638195233.4354148      52.717896      -45.593262      30      1      0      
1638195233.5483372      56.579590      -52.490234      30      1      0      
1638195233.658044      61.204834      -24.414062      30      1      0      
1638195233.7677517      63.825073      -12.084961      30      1      0      
1638195233.8794532      63.874512      5.920410      30      1      0      
1638195233.9903479      62.501221      33.691406      30      1      0      
1638195234.1000535      60.869751      27.465820      30      1      0      
1638195234.2109847      57.057495      25.390625      30      1      0      
1638195234.323429      54.772339      9.460449      30      1      0      
1638195234.4341338      54.371338      -5.004883      30      1      0      
1638195234.5440505      55.442505      -29.724121      30      1      0      
1638195234.656749      59.496460      -56.762695      30      1      0      
1638195234.7676506      64.215088      -23.864746      30      1      0      
1638195234.878193      66.708984      -13.061523      30      1      0      
1638195234.9895282      66.824341      8.178711      30      1      0      
1638195235.0990832      65.555420      31.311035      30      1      0      
1638195235.2097883      63.929443      12.878418      30      1      0      
1638195235.3234835      60.276489      17.211914      30      1      0      
1638195235.4331908      58.046265      5.798340      30      1      0      
1638195235.5438964      57.733154      -4.699707      30      1      0      
1638195235.656594      58.870239      -45.898438      30      1      0      
1638195235.767551      62.907715      -69.458008      30      1      0      
1638195235.8775096      67.785645      -25.817871      30      1      0      
1638195235.9892113      70.389404      -11.108398      30      1      0      
1638195236.0981457      70.499268      2.685547      30      1      0      
1638195236.2088497      69.180908      17.944336      30      1      0      
1638195236.3199751      67.670288      13.793945      30      1      0      
1638195236.4316754      64.198608      28.564453      30      1      0      
1638195236.5433774      62.138672      6.408691      30      1      0      
1638195236.655081      61.902466      -4.516602      30      1      0      
1638195236.7652147      63.067017      -35.156250      30      1      0      
1638195236.875919      67.258301      -48.095703      30      1      0      
1638195236.9886177      72.086792      -23.742676      30      1      0      
1638195237.0985265      74.624634      -11.413574      30      1      0      
1638195237.2073808      74.624634      7.202148      30      1      0      
1638195237.3193042      73.377686      38.696289      30      1      0      
1638195237.43001      71.757202      32.836914      30      1      0      
1638195237.5421445      68.367920      18.737793      30      1      0      
1638195237.653844      66.121216      7.080078      30      1      0      
1638195237.7645483      65.857544      -1.708984      30      1      0      
1638195237.874885      67.044067      -36.499023      30      1      0      
1638195237.9881918      71.021118      -61.218262      30      1      0      
1638195238.0975108      75.866089      -24.047852      30      1      0      
1638195238.208249      78.508301      -12.084961      30      1      0      
1638195238.318952      78.563232      7.202148      30      1      0      
1638195238.4286597      77.354736      29.235840      30      1      0      
1638195238.5433528      75.728760      12.878418      30      1      0      
1638195238.6521559      71.878052      37.292480      30      1      0      
1638195238.7638576      69.581909      8.605957      30      1      0      
1638195238.873989      69.202881      -1.281738      30      1      0      
1638195238.9863253      70.312500      -24.780273      30      1      0      
1638195239.096033      74.289551      -32.836914      30      1      0      
1638195239.2077334      78.975220      -22.888184      30      1      0      
1638195239.3184407      81.353760      -10.925293      30      1      0      
1638195239.4281445      81.359253      3.723145      30      1      0      
1638195239.5402522      80.084839      41.259766      30      1      0      
1638195239.6503794      78.524780      19.592285      30      1      0      
1638195239.7630785      74.553223      26.855469      30      1      0      
1638195239.873782      72.174683      8.361816      30      1      0      
1638195239.983663      71.768188      -1.525879      30      1      0      
1638195240.0953648      72.839355      -40.405273      30      1      0      
1638195240.2070665      76.755981      -44.006348      30      1      0      
1638195240.3177702      81.452637      -23.132324      30      1      0      
1638195240.4267519      83.759766      -8.911133      30      1      0      
1638195240.538453      83.759766      -1.831055      30      1      0      
1638195240.6502397      82.397461      37.414551      30      1      0      
1638195240.7614758      80.722046      10.803223      30      1      0      
1638195240.8719213      76.876831      24.169922      30      1      0      
1638195240.9838698      74.630127      6.835938      30      1      0      
1638195241.093859      74.174194      -1.464844      30      1      0      
1638195241.2055619      75.272827      -51.269531      30      1      0      
1638195241.3156388      79.343262      -54.138184      30      1      0      
1638195241.4263422      83.973999      -22.827148      30      1      0      
1638195241.5400388      86.281128      -8.972168      30      1      0      
1638195241.6477892      86.083374      13.549805      30      1      0      
1638195241.759492      84.545288      34.545898      30      1      0      
1638195241.871644      83.111572      2.624512      30      1      0      
1638195241.9838538      79.354248      19.165039      30      1      0      
1638195242.093882      77.124023      9.399414      30      1      0      
1638195242.204585      76.673584      -3.295898      30      1      0      
1638195242.315721      77.536011      -49.072266      30      1      0      
1638195242.4260721      81.804199      -62.561035      30      1      0      
1638195242.5357807      86.583252      -22.277832      30      1      0      
1638195242.6464837      88.978271      -9.338379      30      1      0      
1638195242.7587042      88.923340      6.530762      30      1      0      
1638195242.8692253      87.632446      23.742676      30      1      0      
1638195242.9811702      85.995483      8.728027      30      1      0      
1638195243.0918722      82.177734      32.531738      30      1      0      
1638195243.2034519      80.035400      6.347656      30      1      0      
1638195243.3141565      79.530029      -2.563477      30      1      0      
1638195243.425294      80.381470      -43.212891      30      1      0      
1638195243.5380707      84.786987      -40.283203      30      1      0      
1638195243.645784      89.406738      -21.606445      30      1      0      
1638195243.7574856      91.658936      -8.911133      30      1      0      
1638195243.8685806      91.516113      0.549316      30      1      0      
1638195243.9803305      90.142822      39.184570      30      1      0      
1638195244.0920293      88.577271      11.901855      30      1      0      
1638195244.2017376      84.781494      16.723633      30      1      0      
1638195244.3134372      82.545776      8.300781      30      1      0      
1638195244.4234242      82.183228      -2.197266      30      1      0      
1638195244.5353203      82.836914      -52.673340      30      1      0      
1638195244.647023      87.022705      -55.908203      30      1      0      
1638195244.7577252      91.609497      -32.653809      30      1      0      
1638195244.8684297      94.152832      -10.314941      30      1      0      
1638195244.9791346      94.070435      -0.183105      30      1      0      
1638195245.0908349      92.691650      34.179688      30      1      0      
1638195245.2015393      91.049194      13.977051      30      1      0      
1638195245.3122432      87.220459      23.986816      30      1      0      
1638195245.422948      84.946289      9.765625      30      1      0      
1638195245.5336509      84.457397      -1.831055      30      1      0      
1638195245.6453524      85.297852      -53.466797      30      1      0      
1638195245.7557797      89.549561      -31.799316      30      1      0      
1638195245.866744      93.911133      -27.465820      30      1      0      
1638195245.9773283      96.509399      -11.230469      30      1      0      
1638195246.0890281      96.421509      2.502441      30      1      0      
1638195246.1989167      95.119629      41.015625      30      1      0      
1638195246.3106186      93.455200      25.085449      30      1      0      
1638195246.4223726      89.467163      32.470703      30      1      0      
1638195246.533294      87.171021      5.126953      30      1      0      
1638195246.643997      86.748047      -4.150391      30      1      0      
1638195246.7547014      87.429199      -56.396484      30      1      0      
1638195246.8649101      91.966553      -44.982910      30      1      0      
1638195246.9771779      96.377563      -38.879395      30      1      0      
1638195247.0873172      98.953857      -10.437012      30      1      0      
1638195247.1972651      98.887939      0.488281      30      1      0      
1638195247.3101683      97.531128      38.330078      30      1      0      
1638195247.4208727      95.872192      14.038086      30      1      0      
1638195247.5325737      92.114868      25.146484      30      1      0      
1638195247.6435626      90.016479      5.798340      30      1      0      
1638195247.7542937      89.664917      -3.906250      30      1      0      
1638195247.8649964      90.686646      -58.654785      30      1      0      
1638195247.9754016      95.130615      -45.043945      30      1      0      
1638195248.085561      99.492188      -31.188965      30      1      0      
1638195248.1972623      102.062988      -10.314941      30      1      0      
1638195248.3079662      102.024536      -0.488281      30      1      0      
1638195248.4206648      100.579834      35.461426      30      1      0      
1638195248.5334318      98.975830      11.962891      30      1      0      
1638195248.6431406      95.449219      19.775391      30      1      0      
1638195248.753023      93.405762      6.958008      30      1      0      
1638195248.865081      93.153076      -6.103516      30      1      0      
1638195248.9739854      94.015503      -56.823730      30      1      0      
1638195249.084115      98.651733      -49.865723      30      1      0      
1638195249.1953008      103.315430      -28.198242      30      1      0      
1638195249.3080006      105.897217      -10.742188      30      1      0      
1638195249.418703      105.820312      1.647949      30      1      0      
1638195249.530405      104.414062      28.076172      30      1      0      
1638195249.6411116      102.886963      6.286621      30      1      0      
1638195249.7520485      99.365845      34.057617      30      1      0      
1638195249.8647478      97.415771      8.178711      30      1      0      
1638195249.973456      97.108154      -5.920410      30      1      0      
1638195250.0841591      98.228760      -55.847168      30      1      0      
1638195250.195068      102.914429      -36.621094      30      1      0      
1638195250.3058136      107.473755      -39.489746      30      1      0      
1638195250.417514      110.170898      -10.925293      30      1      0      
1638195250.5302153      110.126953      1.770020      30      1      0      
1638195250.6409185      108.880005      40.649414      30      1      0      
1638195250.7510216      105.693970      32.958984      30      1      0      
1638195250.862779      103.672485      23.193359      30      1      0      
1638195250.9734833      101.623535      6.652832      30      1      0      
1638195251.0831904      101.250000      -1.342773      30      1      0      
1638195251.1940954      102.123413      -54.199219      30      1      0      
1638195251.3057969      107.017822      -30.578613      30      1      0      
1638195251.4165018      111.604614      -36.315918      30      1      0      
1638195251.528203      114.274292      -11.108398      30      1      0      
1638195251.6409497      114.241333      0.183105      30      1      0      
1638195251.749745      112.835083      36.254883      30      1      0      
1638195251.8608263      109.824829      40.283203      30      1      0      
1638195251.97153      107.830811      22.766113      30      1      0      
1638195252.0822344      105.809326      5.310059      30      1      0      
1638195252.193936      105.463257      -1.342773      30      1      0      
1638195252.303643      106.517944      -58.776855      30      1      0      
1638195252.4143467      110.934448      -26.916504      30      1      0      
1638195252.528501      115.400391      -26.733398      30      1      0      
1638195252.6394267      118.081055      -10.925293      30      1      0      
1638195252.7501695      117.839355      5.493164      30      1      0      
1638195252.861086      116.597900      41.137695      30      1      0      
1638195252.970839      113.340454      51.269531      30      1      0      
1638195253.0825398      111.115723      19.470215      30      1      0      
1638195253.1922486      109.110718      5.798340      30      1      0      
1638195253.302951      108.682251      -0.793457      30      1      0      
1638195253.4136548      109.467773      -58.105469      30      1      0      
1638195253.5254185      114.169922      -20.324707      30      1      0      
1638195253.6371202      118.646851      -40.771484      30      1      0      
1638195253.748822      121.228638      -10.498047      30      1      0      
1638195253.8605235      121.146240      3.723145      30      1      0      
1638195253.969655      119.701538      42.053223      30      1      0      
1638195254.0813558      116.455078      32.226562      30      1      0      
1638195254.192131      114.389648      28.442383      30      1      0      
1638195254.3010852      112.285767      7.568359      30      1      0      
1638195254.4137843      111.813354      -1.464844      30      1      0      
1638195254.523645      112.802124      -57.250977      30      1      0      
1638195254.6363432      117.339478      -45.104980      30      1      0      
1638195254.7461748      121.679077      -31.250000      30      1      0      
1638195254.8590705      124.211426      -11.169434      30      1      0      
1638195254.9690514      124.079590      -1.708984      30      1      0      
1638195255.0803254      122.744751      39.184570      30      1      0      
1638195255.1902502      119.201660      44.738770      30      1      0      
1638195255.3019516      117.037354      22.460938      30      1      0      
1638195255.4116588      114.862061      8.728027      30      1      0      
1638195255.5231552      114.285278      4.333496      30      1      0      
1638195255.6338592      115.235596      -59.509277      30      1      0      
1638195255.7455611      120.119019      -47.912598      30      1      0      
1638195255.8572633      124.425659      -25.268555      30      1      0      
1638195255.9681714      126.699829      -9.704590      30      1      0      
1638195256.0788734      126.507568      -0.244141      30      1      0      
1638195256.1902325      124.826660      33.325195      30      1      0      
1638195256.3009367      121.541748      25.878906      30      1      0      
1638195256.4136367      119.646606      35.156250      30      1      0      
1638195256.521584      117.454834      8.117676      30      1      0      
1638195256.6335106      116.932983      2.563477      30      1      0      
1638195256.7442157      118.086548      -47.729492      30      1      0      
1638195256.8551881      122.585449      -64.147949      30      1      0      
1638195256.9671068      127.062378      -22.644043      30      1      0      
1638195257.0782678      129.446411      -9.704590      30      1      0      
1638195257.1899707      129.166260      1.831055      30      1      0      
1638195257.3006735      127.617188      29.541016      30      1      0      
1638195257.4103804      124.414673      33.630371      30      1      0      
1638195257.5200875      122.514038      41.381836      30      1      0      
1638195257.6327863      120.278320      8.483887      30      1      0      
1638195257.7434893      119.756470      4.943848      30      1      0      
1638195257.8541934      120.805664      -55.541992      30      1      0      
1638195257.964898      125.474854      -36.743164      30      1      0      
1638195258.0765991      130.072632      -36.010742      30      1      0      
1638195258.1883016      132.495117      -9.216309      30      1      0      
1638195258.2990086      132.225952      1.220703      30      1      0      
1638195258.4107058      130.654907      41.320801      30      1      0      
1638195258.51983      127.457886      41.687012      30      1      0      
1638195258.6325293      125.787964      43.029785      30      1      0      
1638195258.742511      123.431396      8.544922      30      1      0      
1638195258.8532171      122.904053      -1.342773      30      1      0      
1638195258.9630039      123.931274      -60.546875      30      1      0      
1638195259.0767002      128.611450      -52.856445      30      1      0      
1638195259.1874037      133.088379      -30.883789      30      1      0      
1638195259.2981086      135.615234      -11.352539      30      1      0      
1638195259.4098113      135.203247      0.122070      30      1      0      
1638195259.520516      133.824463      38.146973      30      1      0      
1638195259.6300478      130.561523      50.231934      30      1      0      
1638195259.7417483      128.644409      45.593262      30      1      0      
1638195259.851455      126.408691      6.225586      30      1      0      
1638195259.9633725      125.908813      2.929688      30      1      0      
1638195260.0750756      126.848145      -55.725098      30      1      0      
1638195260.1857781      131.423950      -26.550293      30      1      0      
1638195260.2974787      135.889893      -42.480469      30      1      0      
1638195260.4081883      138.164062      -9.216309      30      1      0      
1638195260.5193398      137.719116      7.751465      30      1      0      
1638195260.630044      135.922852      43.151855      30      1      0      
1638195260.7409902      132.791748      28.015137      30      1      0      
1638195260.8509147      131.050415      44.860840      30      1      0      
1638195260.9616182      128.671875      6.347656      30      1      0      
1638195261.072323      128.161011      0.000000      30      1      0      
1638195261.185918      129.303589      -57.983398      30      1      0      
1638195261.2966213      133.445435      -23.193359      30      1      0      
1638195261.4073262      137.894897      -33.020020      30      1      0      
1638195261.5180292      140.196533      -10.131836      30      1      0      
1638195261.6286294      139.685669      2.502441      30      1      0      
1638195261.738603      138.032227      41.625977      30      1      0      
1638195261.849306      134.631958      38.513184      30      1      0      
1638195261.9600642      132.769775      42.724609      30      1      0      
1638195262.072195      130.501099      9.399414      30      1      0      
1638195262.182899      129.962769      -0.366211      30      1      0      
1638195262.294601      130.726318      -60.241699      30      1      0      
1638195262.4063017      135.346069      -13.366699      30      1      0      
1638195262.5253534      139.817505      -38.757324      30      1      0      
1638195262.6290753      142.141113      -10.498047      30      1      0      
1638195262.7390144      141.795044      3.234863      30      1      0      
1638195262.8497186      140.405273      42.053223      30      1      0      
1638195262.959425      136.779785      46.264648      30      1      0      
1638195263.0711257      135.120850      40.588379      30      1      0      
1638195263.1813955      132.736816      8.422852      30      1      0      
1638195263.2935488      132.242432      -1.892090      30      1      0      
1638195263.4042532      133.374023      -53.222656      30      1      0      
1638195263.514958      137.625732      -32.104492      30      1      0      
1638195263.6262736      142.498169      -24.047852      30      1      0      
1638195263.737975      144.624023      -13.000488      30      1      0      
1638195263.848891      144.354858      6.835938      30      1      0      
1638195263.9587972      143.124390      44.128418      30      1      0      
1638195264.0704994      139.427490      25.817871      30      1      0      
1638195264.1794972      137.609253      42.236328      30      1      0      
1638195264.2926767      135.444946      7.995605      30      1      0      
1638195264.4033797      134.978027      1.831055      30      1      0      
1638195264.514457      136.389771      -55.480957      30      1      0      
1638195264.625798      140.603027      -21.667480      30      1      0      
1638195264.7369      145.266724      -36.132812      30      1      0      
1638195264.848602      147.376099      -10.375977      30      1      0      
1638195264.9575958      146.986084      4.699707      30      1      0      
1638195265.0679646      145.728149      38.452148      30      1      0      
1638195265.1796658      142.223511      34.484863      30      1      0      
1638195265.2906253      140.520630      42.663574      30      1      0      
1638195265.4015703      138.235474      8.300781      30      1      0      
1638195265.5142696      137.796021      -0.732422      30      1      0      
1638195265.6246157      138.878174      -54.870605      30      1      0      
1638195265.7363877      143.404541      -14.648438      30      1      0      
1638195265.8465695      148.260498      -32.287598      30      1      0      
1638195265.95665      150.468750      -11.169434      30      1      0      
1638195266.0693922      150.084229      -0.549316      30      1      0      
1638195266.1781473      149.073486      38.696289      30      1      0      
