1638197991.3944547      -41.248169      -65.185547      40      2      0      
1638197991.5093474      -29.300537      -145.446777      40      2      0      
1638197991.617509      -22.049561      -21.057129      40      2      0      
1638197991.728861      -22.324219      85.021973      40      2      0      
1638197991.840562      -34.557495      85.266113      40      2      0      
1638197991.9502676      -40.902100      27.160645      40      2      0      
1638197992.0609715      -32.277832      -132.080078      40      2      0      
1638197992.172673      -21.209106      -32.348633      40      2      0      
1638197992.2853725      -22.857056      89.599609      40      2      0      
1638197992.3950784      -36.232910      83.984375      40      2      0      
1638197992.5067823      -38.869629      -56.823730      40      2      0      
1638197992.6174846      -26.713257      -144.409180      40      2      0      
1638197992.7281883      -19.088745      -31.372070      40      2      0      
1638197992.8388922      -19.495239      78.857422      40      2      0      
1638197992.9495964      -31.162720      61.584473      40      2      0      
1638197993.062295      -37.282104      24.230957      40      2      0      
1638197993.1720023      -28.218384      -130.432129      40      2      0      
1638197993.2837038      -17.160645      -31.616211      40      2      0      
1638197993.3944085      -19.610596      91.918945      40      2      0      
1638197993.5051112      -32.135010      76.110840      40      2      0      
1638197993.6150203      -34.914551      -49.987793      40      2      0      
1638197993.7267208      -21.884766      -125.732422      40      2      0      
1638197993.837426      -15.012817      -29.541016      40      2      0      
1638197993.9485326      -15.809326      80.200195      40      2      0      
1638197994.059477      -27.169189      58.654785      40      2      0      
1638197994.1711774      -33.359985      24.475098      40      2      0      
1638197994.2821383      -23.675537      -129.211426      40      2      0      
1638197994.392841      -13.353882      -23.437500      40      2      0      
1638197994.5055606      -15.754395      98.022461      40      2      0      
1638197994.6142495      -28.580933      83.129883      40      2      0      
1638197994.7261865      -30.657349      -75.195312      40      2      0      
1638197994.8358934      -17.830811      -121.215820      40      2      0      
1638197994.9475937      -10.667725      -27.709961      40      2      0      
1638197995.0582993      -11.629028      81.787109      40      2      0      
1638197995.169003      -23.291016      90.270996      40      2      0      
1638197995.2807684      -28.850098      -11.108398      40      2      0      
1638197995.3914726      -19.165649      -138.671875      40      2      0      
1638197995.5031755      -8.470459      -31.921387      40      2      0      
1638197995.613878      -11.365356      92.529297      40      2      0      
1638197995.7241256      -23.461304      63.232422      40      2      0      
1638197995.8348315      -25.131226      -58.532715      40      2      0      
1638197995.9449623      -11.689453      -141.479492      40      2      0      
1638197996.056664      -4.454956      -36.071777      40      2      0      
1638197996.1690092      -5.712891      86.486816      40      2      0      
1638197996.2797134      -17.446289      95.825195      40      2      0      
1638197996.3904169      -22.862549      -36.621094      40      2      0      
1638197996.5045722      -12.689209      -141.967773      40      2      0      
1638197996.613317      -2.471924      -31.982422      40      2      0      
1638197996.724454      -5.163574      94.848633      40      2      0      
1638197996.8351564      -17.655029      53.344727      40      2      0      
1638197996.944864      -19.022827      -84.716797      40      2      0      
1638197997.0556157      -5.476685      -143.005371      40      2      0      
1638197997.1683154      1.126099      -29.357910      40      2      0      
1638197997.2800214      0.098877      90.942383      40      2      0      
1638197997.3899417      -12.376099      84.045410      40      2      0      
1638197997.503153      -17.407837      -34.912109      40      2      0      
1638197997.6128604      -6.866455      -149.475098      40      2      0      
1638197997.7238352      3.202515      -27.832031      40      2      0      
1638197997.832583      -0.472412      98.937988      40      2      0      
1638197997.9442842      -12.238770      55.908203      40      2      0      
1638197998.0542152      -13.705444      -76.965332      40      2      0      
1638197998.1679099      0.439453      -132.629395      40      2      0      
1638197998.2776587      6.520386      -27.282715      40      2      0      
1638197998.3907323      5.603027      89.416504      40      2      0      
1638197998.502529      -6.701660      74.401855      40      2      0      
1638197998.6116567      -11.431274      -58.532715      40      2      0      
1638197998.7228363      -0.214233      -139.892578      40      2      0      
1638197998.8336022      9.464722      -31.921387      40      2      0      
1638197998.9443057      5.745850      101.562500      40      2      0      
1638197999.0540113      -5.982056      46.752930      40      2      0      
1638197999.1657135      -7.267456      -67.993164      40      2      0      
1638197999.2766738      6.262207      -125.183105      40      2      0      
1638197999.3885965      12.513428      -34.057617      40      2      0      
1638197999.4995253      11.541138      92.895508      40      2      0      
1638197999.6092606      -1.538086      78.063965      40      2      0      
1638197999.722397      -5.482178      -70.678711      40      2      0      
1638197999.8323157      5.784302      -155.273438      40      2      0      
1638197999.9430192      15.589600      -31.799316      40      2      0      
1638198000.0529768      11.513672      98.205566      40      2      0      
1638198000.1636796      0.197754      36.010742      40      2      0      
1638198000.2753816      -0.225220      -86.914062      40      2      0      
1638198000.38732      13.238525      -121.826172      40      2      0      
1638198000.4990213      19.550171      -19.592285      40      2      0      
1638198000.6097264      17.847290      80.322266      40      2      0      
1638198000.72043      5.460205      73.913574      40      2      0      
1638198000.8321302      1.560059      -46.936035      40      2      0      
1638198000.9418373      13.507690      -128.540039      40      2      0      
1638198001.0535405      22.439575      -32.714844      40      2      0      
1638198001.1632464      18.187866      102.294922      40      2      0      
1638198001.2739496      6.806030      36.193848      40      2      0      
1638198001.3866491      6.361084      -84.411621      40      2      0      
1638198001.4973543      20.308228      -124.938965      40      2      0      
1638198001.6080568      25.735474      -27.526855      40      2      0      
1638198001.719759      24.032593      86.853027      40      2      0      
1638198001.8314595      11.035767      65.490723      40      2      0      
1638198001.9421632      7.514648      -71.350098      40      2      0      
1638198002.051871      19.868774      -150.878906      40      2      0      
1638198002.161578      28.476562      -33.935547      40      2      0      
1638198002.2732787      23.367920      103.515625      40      2      0      
1638198002.3859777      12.601318      36.193848      40      2      0      
1638198002.4956846      12.513428      -82.824707      40      2      0      
1638198002.608383      26.141968      -119.995117      40      2      0      
1638198002.7170925      31.398926      -14.221191      40      2      0      
1638198002.8287945      28.547974      95.336914      40      2      0      
1638198002.9397326      16.259766      55.480957      40      2      0      
1638198003.0514348      12.958374      -82.336426      40      2      0      
1638198003.162139      25.164185      -146.667480      40      2      0      
1638198003.2718503      33.804932      -21.240234      40      2      0      
1638198003.3851478      28.850098      105.041504      40      2      0      
1638198003.4930856      18.281250      40.405273      40      2      0      
1638198003.6054425      18.182373      -88.134766      40      2      0      
1638198003.7181427      31.992188      -127.258301      40      2      0      
1638198003.8278487      37.380981      -16.845703      40      2      0      
1638198003.9392116      34.931030      95.336914      40      2      0      
1638198004.0499167      22.016602      57.067871      40      2      0      
1638198004.160025      18.962402      -81.176758      40      2      0      
1638198004.2707286      31.898804      -140.197754      40      2      0      
1638198004.3827538      39.885864      -21.667480      40      2      0      
1638198004.4938767      34.733276      105.957031      40      2      0      
1638198004.6045802      23.840332      47.302246      40      2      0      
1638198004.715284      24.202881      -82.275391      40      2      0      
1638198004.82733      37.551270      -131.347656      40      2      0      
1638198004.9380345      42.780762      -5.859375      40      2      0      
1638198005.048936      39.885864      91.918945      40      2      0      
1638198005.1596394      27.713013      52.856445      40      2      0      
1638198005.2693503      24.933472      -87.524414      40      2      0      
1638198005.3824282      37.902832      -143.676758      40      2      0      
1638198005.4921334      45.823975      -20.874023      40      2      0      
1638198005.6038346      40.061646      111.938477      40      2      0      
1638198005.71498      29.679565      38.269043      40      2      0      
1638198005.8262799      29.882812      -86.425781      40      2      0      
1638198005.9359872      43.417969      -126.770020      40      2      0      
1638198006.0476885      48.411255      13.061523      40      2      0      
1638198006.15939      45.296631      63.903809      40      2      0      
1638198006.270095      32.854614      45.959473      40      2      0      
1638198006.3798003      30.360718      -81.420898      40      2      0      
1638198006.490505      43.720093      -138.671875      40      2      0      
1638198006.6051984      50.751343      -24.230957      40      2      0      
1638198006.712307      44.637451      113.769531      40      2      0      
1638198006.8250053      34.354248      35.400391      40      2      0      
1638198006.935801      35.529785      -89.904785      40      2      0      
1638198007.0465066      48.229980      -127.014160      40      2      0      
1638198007.1582067      53.201294      25.878906      40      2      0      
1638198007.2689147      49.718628      89.111328      40      2      0      
1638198007.3810124      37.117310      46.325684      40      2      0      
1638198007.4887516      35.337524      -84.594727      40      2      0      
1638198007.601898      48.202515      -134.216309      40      2      0      
1638198007.7118168      54.942627      -29.785156      40      2      0      
1638198007.8230247      48.048706      121.887207      40      2      0      
1638198007.9347262      38.215942      40.222168      40      2      0      
1638198008.0451903      39.841919      -102.233887      40      2      0      
1638198008.157037      52.487183      -138.122559      40      2      0      
1638198008.2677414      57.678223      13.671875      40      2      0      
1638198008.3804402      53.876953      93.383789      40      2      0      
1638198008.48939      41.522827      40.710449      40      2      0      
1638198008.6035156      39.396973      -71.411133      40      2      0      
1638198008.7102306      53.283691      -142.822266      40      2      0      
1638198008.8223796      59.628296      -31.799316      40      2      0      
1638198008.933321      52.333374      119.506836      40      2      0      
1638198009.0452337      42.517090      38.391113      40      2      0      
1638198009.156365      44.763794      -97.534180      40      2      0      
1638198009.2665288      57.661743      -122.985840      40      2      0      
1638198009.3782303      61.979370      44.799805      40      2      0      
1638198009.4879382      52.272949      129.577637      40      2      0      
1638198009.5996382      45.565796      38.574219      40      2      0      
1638198009.710343      44.088135      -72.265625      40      2      0      
1638198009.8200512      57.381592      -114.562988      40      2      0      
1638198009.93175      63.852539      -27.648926      40      2      0      
1638198010.0434537      55.689697      118.896484      40      2      0      
1638198010.1551547      46.054688      42.907715      40      2      0      
1638198010.265859      48.065186      -84.350586      40      2      0      
1638198010.3765619      61.089478      -108.337402      40      2      0      
1638198010.488266      65.516968      42.663574      40      2      0      
1638198010.5999641      54.849243      136.718750      40      2      0      
1638198010.7086737      48.751831      44.433594      40      2      0      
1638198010.8190553      47.290649      -79.345703      40      2      0      
1638198010.9297588      61.397095      -131.713867      40      2      0      
1638198011.0426307      67.060547      -27.465820      40      2      0      
1638198011.1533349      58.529663      125.793457      40      2      0      
1638198011.2650368      49.460449      32.897949      40      2      0      
1638198011.3761904      51.855469      -101.196289      40      2      0      
1638198011.4874666      65.137939      -110.229492      40      2      0      
1638198011.5981684      68.774414      36.010742      40      2      0      
1638198011.7079117      58.529663      134.399414      40      2      0      
1638198011.8186166      52.492676      37.719727      40      2      0      
1638198011.9297514      51.899414      -82.214355      40      2      0      
1638198012.0414522      65.110474      -131.896973      40      2      0      
1638198012.1521554      71.098022      -17.333984      40      2      0      
1638198012.2642426      62.858276      120.788574      40      2      0      
1638198012.3749473      53.569336      31.494141      40      2      0      
1638198012.4856527      56.651001      -109.069824      40      2      0      
1638198012.5983963      69.450073      -107.177734      40      2      0      
1638198012.7065961      73.405151      40.344238      40      2      0      
1638198012.817301      62.539673      137.756348      40      2      0      
1638198012.9280043      56.672974      36.621094      40      2      0      
1638198013.0397062      55.794067      -80.993652      40      2      0      
1638198013.15041      69.614868      -136.047363      40      2      0      
1638198013.2623124      75.245361      -15.625000      40      2      0      
1638198013.3750126      66.269531      113.830566      40      2      0      
1638198013.485715      57.722168      33.447266      40      2      0      
1638198013.5964775      61.089478      -119.506836      40      2      0      
1638198013.7062185      74.009399      -80.993652      40      2      0      
1638198013.818353      76.717529      65.734863      40      2      0      
1638198013.92746      65.978394      123.352051      40      2      0      
1638198014.038163      60.331421      33.142090      40      2      0      
1638198014.150862      60.045776      -88.012695      40      2      0      
1638198014.2615666      73.729248      -115.234375      40      2      0      
1638198014.3722703      79.057617      -14.526367      40      2      0      
1638198014.4836276      69.867554      112.121582      40      2      0      
1638198014.5963266      61.100464      33.081055      40      2      0      
1638198014.7059174      65.176392      -108.154297      40      2      0      
1638198014.8166583      77.453613      -87.646484      40      2      0      
1638198014.9268658      80.227661      67.321777      40      2      0      
1638198015.0375702      68.466797      132.507324      40      2      0      
1638198015.1492727      63.407593      49.926758      40      2      0      
1638198015.2604132      63.715210      -91.674805      40      2      0      
1638198015.3723862      77.294312      -124.694824      40      2      0      
1638198015.4831548      82.694092      -8.239746      40      2      0      
1638198015.5938597      72.388916      122.314453      40      2      0      
1638198015.7045634      64.533691      34.729004      40      2      0      
1638198015.8152673      68.812866      -111.145020      40      2      0      
1638198015.9269707      80.859375      -83.129883      40      2      0      
1638198016.0376737      83.232422      61.950684      40      2      0      
1638198016.146784      72.081299      128.906250      40      2      0      
1638198016.25968      66.758423      45.410156      40      2      0      
1638198016.3704967      67.109985      -82.519531      40      2      0      
1638198016.4812007      80.348511      -105.346680      40      2      0      
1638198016.5929022      85.737305      -8.850098      40      2      0      
1638198016.7042654      75.580444      126.159668      40      2      0      
1638198016.8146162      67.489014      32.470703      40      2      0      
1638198016.9253206      72.333984      -113.708496      40      2      0      
1638198017.0370235      84.589233      -89.721680      40      2      0      
1638198017.1465755      86.599731      74.951172      40      2      0      
1638198017.2589004      75.591431      116.271973      40      2      0      
1638198017.3693001      70.356445      50.903320      40      2      0      
1638198017.4801993      70.955200      -92.712402      40      2      0      
1638198017.5929606      84.226685      -83.129883      40      2      0      
1638198017.702532      89.824219      0.854492      40      2      0      
1638198017.8134398      79.354248      127.319336      40      2      0      
1638198017.9251387      71.185913      35.217285      40      2      0      
1638198018.0358424      76.349487      -123.901367      40      2      0      
1638198018.147235      88.862915      -72.021484      40      2      0      
1638198018.256361      90.697632      64.880371      40      2      0      
1638198018.3682475      79.425659      125.000000      40      2      0      
1638198018.4791918      74.970703      42.419434      40      2      0      
1638198018.588899      75.871582      -85.327148      40      2      0      
1638198018.7025952      89.214478      -95.520020      40      2      0      
1638198018.8123014      93.999023      6.958008      40      2      0      
1638198018.9240038      84.270630      128.417969      40      2      0      
1638198019.0347068      76.019897      32.714844      40      2      0      
1638198019.144415      81.381226      -114.318848      40      2      0      
1638198019.2561426      93.751831      -57.067871      40      2      0      
1638198019.3668954      95.015259      67.260742      40      2      0      
1638198019.4766026      83.474121      113.342285      40      2      0      
1638198019.5887494      78.947754      36.804199      40      2      0      
1638198019.6994805      80.310059      -85.693359      40      2      0      
1638198019.8117185      93.284912      -99.365234      40      2      0      
1638198019.9226925      98.020020      21.118164      40      2      0      
1638198020.0337765      87.918091      130.187988      40      2      0      
1638198020.146349      79.584961      33.691406      40      2      0      
1638198020.256056      85.808716      -112.182617      40      2      0      
1638198020.366161      97.613525      -47.424316      40      2      0      
1638198020.4778624      98.151855      86.547852      40      2      0      
1638198020.5875697      86.912842      107.299805      40      2      0      
1638198020.69849      82.985229      39.794922      40      2      0      
1638198020.8111887      84.539795      -100.708008      40      2      0      
1638198020.9218922      97.761841      -76.538086      40      2      0      
1638198021.0325968      102.068481      36.254883      40      2      0      
1638198021.1442978      92.224731      108.337402      40      2      0      
1638198021.255452      83.342285      33.630371      40      2      0      
1638198021.3652127      88.758545      -111.999512      40      2      0      
1638198021.4759157      101.282959      -53.222656      40      2      0      
1638198021.586058      102.041016      73.974609      40      2      0      
1638198021.6977615      90.038452      97.839355      40      2      0      
1638198021.8088503      86.000977      37.658691      40      2      0      
1638198021.919554      87.714844      -87.890625      40      2      0      
1638198022.0314367      100.574341      -82.763672      40      2      0      
1638198022.1431475      104.886475      49.865723      40      2      0      
1638198022.2538958      93.927612      132.873535      40      2      0      
1638198022.3632355      85.610962      36.315918      40      2      0      
1638198022.4753299      91.466675      -104.797363      40      2      0      
1638198022.5852463      103.513184      -44.616699      40      2      0      
1638198022.6973472      104.067993      86.975098      40      2      0      
1638198022.8080812      91.378784      107.604980      40      2      0      
1638198022.9197829      87.896118      40.222168      40      2      0      
1638198023.030486      90.038452      -100.952148      40      2      0      
1638198023.1414104      102.606812      -78.796387      40      2      0      
1638198023.252163      106.012573      51.086426      40      2      0      
1638198023.364252      95.537109      107.604980      40      2      0      
1638198023.4749951      87.061157      35.766602      40      2      0      
1638198023.5851114      93.691406      -114.440918      40      2      0      
1638198023.6956084      105.842285      -42.968750      40      2      0      
1638198023.8055599      106.473999      77.819824      40      2      0      
1638198023.918259      93.652954      89.050293      40      2      0      
1638198024.0293477      90.428467      35.400391      40      2      0      
1638198024.1412594      93.059692      -98.205566      40      2      0      
1638198024.2519603      105.551147      -69.396973      40      2      0      
1638198024.362665      109.050293      49.499512      40      2      0      
1638198024.474367      98.624268      122.314453      40      2      0      
1638198024.5830762      90.038452      37.414551      40      2      0      
1638198024.694777      97.196045      -114.135742      40      2      0      
1638198024.8056645      109.017334      -28.747559      40      2      0      
1638198024.9153707      109.017334      79.101562      40      2      0      
1638198025.0284643      96.097412      111.572266      40      2      0      
1638198025.1395602      93.169556      34.790039      40      2      0      
1638198025.2494876      96.416016      -103.210449      40      2      0      
1638198025.3615496      108.869019      -66.528320      40      2      0      
1638198025.4734364      111.917725      56.701660      40      2      0      
1638198025.5825326      101.282959      130.310059      40      2      0      
1638198025.6932833      93.202515      36.682129      40      2      0      
1638198025.8059828      100.426025      -116.394043      40      2      0      
1638198025.915082      112.395630      -37.292480      40      2      0      
1638198026.0267832      112.225342      82.519531      40      2      0      
1638198026.1394835      99.453735      98.327637      40      2      0      
1638198026.250187      96.361084      36.376953      40      2      0      
1638198026.360129      99.761353      -106.201172      40      2      0      
1638198026.4724557      112.510986      -65.063477      40      2      0      
1638198026.5817685      115.301514      63.537598      40      2      0      
1638198026.692713      104.254761      129.272461      40      2      0      
1638198026.803643      96.613770      30.517578      40      2      0      
1638198026.9143462      105.106201      -125.244141      40      2      0      
1638198027.0260484      116.625366      -27.709961      40      2      0      
1638198027.1379743      116.306763      81.359863      40      2      0      
1638198027.2491279      103.447266      79.895020      40      2      0      
1638198027.3593063      99.750366      -19.165039      40      2      0      
1638198027.4707553      105.128174      -104.431152      40      2      0      
1638198027.5816803      117.520752      -59.143066      40      2      0      
1638198027.6933818      119.657593      65.002441      40      2      0      
1638198027.8035722      108.901978      122.680664      40      2      0      
1638198027.913279      101.837769      20.812988      40      2      0      
1638198028.025196      110.148926      -131.286621      40      2      0      
1638198028.1368988      122.025146      -33.203125      40      2      0      
1638198028.2485995      121.278076      78.552246      40      2      0      
1638198028.3585048      108.616333      69.763184      40      2      0      
1638198028.4704797      104.891968      -33.569336      40      2      0      
1638198028.5809002      110.687256      -106.140137      40      2      0      
1638198028.6916053      123.052368      -50.964355      40      2      0      
1638198028.8013527      124.837646      70.739746      40      2      0      
1638198028.9120553      113.587646      125.366211      40      2      0      
1638198029.023217      106.353149      32.653809      40      2      0      
1638198029.1349545      115.499268      -127.075195      40      2      0      
1638198029.2458692      126.557007      -28.076172      40      2      0      
1638198029.3580606      125.271606      88.745117      40      2      0      
1638198029.469037      112.373657      81.665039      40      2      0      
1638198029.5787423      109.440308      -36.132812      40      2      0      
1638198029.6904447      114.873047      -107.116699      40      2      0      
1638198029.8011484      127.023926      -44.799805      40      2      0      
1638198029.9110942      128.452148      69.396973      40      2      0      
1638198030.0217974      117.031860      122.863770      40      2      0      
1638198030.1345003      110.346680      11.840820      40      2      0      
1638198030.2451994      118.970947      -129.455566      40      2      0      
1638198030.3559341      130.759277      -32.409668      40      2      0      
1638198030.4672575      129.309082      79.406738      40      2      0      
1638198030.5786922      116.284790      68.786621      40      2      0      
1638198030.690395      113.274536      -42.297363      40      2      0      
1638198030.801099      119.146729      -108.459473      40      2      0      
1638198030.911802      131.281128      -50.720215      40      2      0      
1638198031.0207188      132.412720      78.796387      40      2      0      
1638198031.1328046      120.695801      111.938477      40      2      0      
1638198031.243505      114.060059      29.724121      40      2      0      
1638198031.3556085      123.821411      -138.610840      40      2      0      
1638198031.4683075      134.648438      -37.414551      40      2      0      
1638198031.5780153      133.016968      83.007812      40      2      0      
1638198031.6883836      119.921265      81.787109      40      2      0      
1638198031.801082      117.504272      -45.898438      40      2      0      
1638198031.9097915      123.299561      -110.900879      40      2      0      
1638198032.0194979      135.208740      -47.546387      40      2      0      
1638198032.132589      135.736084      73.364258      40      2      0      
1638198032.2425761      124.156494      118.225098      40      2      0      
1638198032.3534725      118.059082      18.371582      40      2      0      
1638198032.464177      127.452393      -128.356934      40      2      0      
1638198032.575877      138.229980      -31.799316      40      2      0      
1638198032.6878557      135.812988      93.322754      40      2      0      
1638198032.7985833      123.030396      69.946289      40      2      0      
1638198032.9092865      120.443115      -29.541016      40      2      0      
1638198033.0199902      126.199951      -109.680176      40      2      0      
1638198033.129699      138.268433      -36.437988      40      2      0      
1638198033.2413993      138.471680      80.383301      40      2      0      
1638198033.3524754      126.584473      114.440918      40      2      0      
1638198033.4628546      120.629883      -9.521484      40      2      0      
1638198033.5755522      130.737305      -118.286133      40      2      0      
1638198033.685259      140.685425      -28.991699      40      2      0      
1638198033.7979596      137.823486      108.459473      40      2      0      
1638198033.9086628      125.200195      64.331055      40      2      0      
1638198034.0193672      123.167725      -59.814453      40      2      0      
1638198034.1300693      128.034668      -117.797852      40      2      0      
1638198034.2402084      140.646973      -36.010742      40      2      0      
1638198034.352472      140.883179      79.711914      40      2      0      
1638198034.4623725      128.759766      114.379883      40      2      0      
1638198034.573076      123.607178      -11.840820      40      2      0      
1638198034.6847782      133.621216      -119.445801      40      2      0      
1638198034.7964783      143.717651      -31.860352      40      2      0      
1638198034.908181      140.597534      92.407227      40      2      0      
1638198035.0189352      128.424683      65.002441      40      2      0      
1638198035.1296756      126.820679      -79.528809      40      2      0      
1638198035.2396073      131.912842      -120.971680      40      2      0      
1638198035.35131      145.112915      -43.762207      40      2      0      
1638198035.4610162      145.651245      76.232910      40      2      0      
1638198035.5727186      133.225708      112.976074      40      2      0      
1638198035.6844192      127.930298      -28.564453      40      2      0      
1638198035.795124      138.916626      -123.168945      40      2      0      
1638198035.9068246      148.172607      -26.794434      40      2      0      
1638198036.0176558      144.453735      106.567383      40      2      0      
1638198036.129358      132.445679      58.715820      40      2      0      
1638198036.2392685      131.011963      -50.476074      40      2      0      
1638198036.3509817      136.768799      -111.633301      40      2      0      
1638198036.4599125      148.947144      -36.682129      40      2      0      
1638198036.5706167      148.793335      79.589844      40      2      0      
1638198036.682319      136.362305      110.839844      40      2      0      
1638198036.7940683      131.638184      -22.216797      40      2      0      
1638198036.905985      142.415771      -125.122070      40      2      0      
1638198037.0176892      151.561890      -28.076172      40      2      0      
1638198037.127673      147.288208      107.238770      40      2      0      
1638198037.2384315      135.505371      50.659180      40      2      0      
1638198037.3501935      134.401245      -67.321777      40      2      0      
1638198037.4589283      139.938354      -111.816406      40      2      0      
1638198037.569686      152.803345      -46.508789      40      2      0      
1638198037.6818252      152.583618      87.951660      40      2      0      
1638198037.7925289      139.652710      88.073730      40      2      0      
1638198037.9042625      135.060425      -23.132324      40      2      0      
1638198038.0161817      146.672974      -134.765625      40      2      0      
1638198038.1261613      155.264282      -23.193359      40      2      0      
1638198038.2369163      150.858765      107.299805      40      2      0      
1638198038.3487117      139.147339      44.921875      40      2      0      
1638198038.4586961      138.949585      -62.011719      40      2      0      
1638198038.5683932      144.788818      -133.056641      40      2      0      
1638198038.6790974      157.005615      -36.865234      40      2      0      
1638198038.7917967      156.780396      85.937500      40      2      0      
1638198038.9035363      143.415527      95.397949      40      2      0      
1638198039.015298      139.597778      -46.569824      40      2      0      
1638198039.12545      151.012573      -144.287109      40      2      0      
1638198039.236373      159.675293      -21.667480      40      2      0      
1638198039.3479307      155.055542      101.257324      40      2      0      
1638198039.4576378      143.552856      56.701660      40      2      0      
1638198039.5695405      143.036499      -89.355469      40      2      0      
1638198039.6792471      148.645020      -138.549805      40      2      0      
1638198039.790146      161.537476      -33.081055      40      2      0      
1638198039.90085      160.669556      93.261719      40      2      0      
1638198040.0125546      147.639771      92.468262      40      2      0      
1638198040.1250684      143.871460      -57.250977      40      2      0      
1638198040.2355416      156.659546      -131.347656      40      2      0      
1638198040.3475163      164.514771      -31.311035      40      2      0      
1638198040.4562254      159.444580      100.341797      40      2      0      
1638198040.5669303      148.507690      43.029785      40      2      0      
1638198040.6776354      148.617554      -99.914551      40      2      0      
1638198040.7894068      154.874268      -135.314941      40      2      0      
1638198040.8996077      166.354980      -38.085938      40      2      0      
1638198041.0123072      165.036621      92.224121      40      2      0      
1638198041.1235652      151.787109      84.716797      40      2      0      
1638198041.234268      148.826294      -60.791016      40      2      0      
1638198041.346239      160.834351      -154.418945      40      2      0      
1638198041.4561484      168.969727      -34.301758      40      2      0      
1638198041.5679023      163.509521      105.834961      40      2      0      
1638198041.6766095      153.072510      43.151855      40      2      0      
1638198041.7883108      152.924194      -85.021973      40      2      0      
1638198041.901218      159.038086      -135.437012      40      2      0      
1638198042.1226237      169.238892      87.524414      40      2      0      
1638198042.2337437      156.351929      76.904297      40      2      0      
1638198042.3455796      153.308716      -64.392090      40      2      0      
1638198042.4555151      166.267090      -145.202637      40      2      0      
1638198042.5656767      174.215698      -34.912109      40      2      0      
1638198042.6764433      168.387451      110.473633      40      2      0      
1638198042.7875469      157.955933      41.687012      40      2      0      
1638198042.8982487      157.950439      -90.454102      40      2      0      
1638198043.0089543      164.641113      -131.652832      40      2      0      
1638198043.1206543      175.413208      -27.709961      40      2      0      
1638198043.2323916      173.688354      87.158203      40      2      0      
1638198043.3435118      160.845337      70.068359      40      2      0      
1638198043.4542136      158.142700      -41.748047      40      2      0      
1638198043.5653007      170.595703      -139.038086      40      2      0      
1638198043.6770015      178.571777      -36.254883      40      2      0      
1638198043.785926      173.128052      114.257812      40      2      0      
1638198043.934529      162.295532      36.804199      40      2      0      
1638198044.0093288      163.070068      -90.881348      40      2      0      
1638198044.1190934      169.392700      -131.469727      40      2      0      
1638198044.2307959      -179.846191      -31.433105      40      2      0      
1638198044.3434944      178.225708      88.928223      40      2      0      
1638198044.4541981      165.635376      68.115234      40      2      0      
1638198044.5640962      163.322754      -50.476074      40      2      0      
1638198044.675542      176.248169      -112.304688      40      2      0      
1638198044.7864037      -176.407471      -30.456543      40      2      0      
1638198044.8957434      177.165527      110.412598      40      2      0      
1638198045.0066626      167.173462      40.466309      40      2      0      
1638198045.1183655      168.013916      -98.144531      40      2      0      
1638198045.2300668      -178.670654      -118.530273      40      2      0      
