1638198143.1195357      15.117188      -128.356934      50      2      0      
1638198143.2312372      32.766724      -98.876953      50      2      0      
1638198143.3429382      33.832397      41.076660      50      2      0      
1638198143.454693      18.484497      142.456055      50      2      0      
1638198143.563826      10.118408      20.507812      50      2      0      
1638198143.675525      21.939697      -150.207520      50      2      0      
1638198143.7874482      35.837402      -37.109375      50      2      0      
1638198143.8961594      32.991943      108.398438      50      2      0      
1638198144.0080495      17.067261      111.694336      50      2      0      
1638198144.1189666      13.057251      46.691895      50      2      0      
1638198144.2306688      20.758667      -110.351562      50      2      0      
1638198144.3433664      36.589966      -84.472656      50      2      0      
1638198144.4520764      37.479858      30.273438      50      2      0      
1638198144.562781      23.049316      149.963379      50      2      0      
1638198144.6946263      14.348145      -16.662598      50      2      0      
1638198144.7853832      26.856079      -145.385742      50      2      0      
1638198144.8950918      40.209961      -39.611816      50      2      0      
1638198145.0067909      37.880859      106.262207      50      2      0      
1638198145.1164975      21.945190      99.609375      50      2      0      
1638198145.2291973      17.627563      46.447754      50      2      0      
1638198145.3399005      25.120239      -125.244141      50      2      0      
1638198145.4516022      41.297607      -67.565918      50      2      0      
1638198145.563304      41.808472      71.533203      50      2      0      
1638198145.6730103      26.663818      127.868652      50      2      0      
1638198145.7847116      18.577881      20.446777      50      2      0      
1638198145.895607      31.343994      -151.428223      50      2      0      
1638198146.0058985      44.763794      -37.109375      50      2      0      
1638198146.116169      41.456909      114.929199      50      2      0      
1638198146.2268732      26.438599      111.022949      50      2      0      
1638198146.3385754      22.296753      45.837402      50      2      0      
1638198146.4512742      30.520020      -123.046875      50      2      0      
1638198146.5609794      46.104126      -70.800781      50      2      0      
1638198146.6716833      46.021729      62.500000      50      2      0      
1638198146.7828043      30.888062      124.145508      50      2      0      
1638198146.894506      23.197632      -42.236328      50      2      0      
1638198147.0052104      36.232910      -146.118164      50      2      0      
1638198147.1159132      48.977051      -31.311035      50      2      0      
1638198147.226016      45.747070      116.271973      50      2      0      
1638198147.3367176      30.283813      96.252441      50      2      0      
1638198147.4474423      25.708008      48.095703      50      2      0      
1638198147.5603573      34.436646      -126.831055      50      2      0      
1638198147.6740556      50.202026      -64.819336      50      2      0      
1638198147.7841647      50.053711      54.260254      50      2      0      
1638198148.0019226      0.000000      0.000000      50      2      0      
1638198148.0278523      27.394409      -61.340332      50      2      0      
1638198148.116618      40.473633      -151.306152      50      2      0      
1638198148.226322      53.058472      -29.663086      50      2      0      
1638198148.33603      49.108887      111.572266      50      2      0      
1638198148.4487283      33.931274      85.693359      50      2      0      
1638198148.5586865      29.844360      47.485352      50      2      0      
1638198148.6813586      39.682617      -130.676270      50      2      0      
1638198148.7810912      55.014038      -66.162109      50      2      0      
1638198148.8928568      54.255981      47.424316      50      2      0      
1638198149.0035613      38.968506      144.958496      50      2      0      
1638198149.114539      32.525024      -65.979004      50      2      0      
1638198149.2242448      46.549072      -161.437988      50      2      0      
1638198149.3349488      58.919678      -40.893555      50      2      0      
1638198149.446534      55.030518      111.267090      50      2      0      
1638198149.557239      39.830933      80.749512      50      2      0      
1638198149.6690235      35.496826      45.959473      50      2      0      
1638198149.7799263      45.604248      -145.690918      50      2      0      
1638198149.890813      61.138916      -68.176270      50      2      0      
1638198150.0027122      60.232544      78.735352      50      2      0      
1638198150.113416      44.989014      119.201660      50      2      0      
1638198150.2236915      38.979492      -54.687500      50      2      0      
1638198150.3338377      52.860718      -158.569336      50      2      0      
1638198150.4465373      65.121460      -42.114258      50      2      0      
1638198150.5572405      60.298462      114.685059      50      2      0      
1638198150.6679442      44.763794      87.890625      50      2      0      
1638198150.7796454      40.676880      33.691406      50      2      0      
1638198150.8913476      51.778564      -140.930176      50      2      0      
1638198151.0020516      66.340942      -46.203613      50      2      0      
1638198151.1117578      64.264526      79.711914      50      2      0      
1638198151.222506      48.856201      108.276367      50      2      0      
1638198151.3332107      44.016724      -59.997559      50      2      0      
1638198151.4447227      58.095703      -163.696289      50      2      0      
1638198151.5550318      69.785156      -41.137695      50      2      0      
1638198151.6660442      64.566650      113.830566      50      2      0      
1638198151.777418      49.196777      81.237793      50      2      0      
1638198151.8901165      45.554810      46.081543      50      2      0      
1638198151.9998221      57.046509      -143.127441      50      2      0      
1638198152.1115236      71.757202      -47.973633      50      2      0      
1638198152.2222304      69.301758      76.721191      50      2      0      
1638198152.333131      53.508911      97.839355      50      2      0      
1638198152.4448326      49.037476      -67.565918      50      2      0      
1638198152.5535786      63.325195      -157.592773      50      2      0      
1638198152.6663175      74.816895      -38.879395      50      2      0      
1638198152.776429      68.230591      123.229980      50      2      0      
1638198152.8901248      53.437500      74.340820      50      2      0      
1638198152.9998326      49.641724      36.499023      50      2      0      
1638198153.1105363      60.737915      -138.000488      50      2      0      
1638198153.2212398      75.294800      -42.297363      50      2      0      
1638198153.3339396      72.476807      65.734863      50      2      0      
1638198153.4430583      56.612549      85.937500      50      2      0      
1638198153.5529075      52.536621      -73.974609      50      2      0      
1638198153.664294      67.406616      -159.057617      50      2      0      
1638198153.7748067      78.052368      -40.283203      50      2      0      
1638198153.8875062      71.076050      130.615234      50      2      0      
1638198153.9997554      56.486206      68.298340      50      2      0      
1638198154.1104589      52.750854      49.377441      50      2      0      
1638198154.221228      64.473267      -144.287109      50      2      0      
1638198154.3319309      78.530273      -33.813477      50      2      0      
1638198154.4416382      75.569458      95.397949      50      2      0      
1638198154.5535746      59.375610      90.820312      50      2      0      
1638198154.6633015      56.074219      -78.369141      50      2      0      
1638198154.774593      70.999146      -167.297363      50      2      0      
1638198154.8854876      81.666870      -38.940430      50      2      0      
1638198154.9964693      73.707275      127.685547      50      2      0      
1638198155.1081722      59.644775      68.847656      50      2      0      
1638198155.2190804      56.250000      51.269531      50      2      0      
1638198155.3307843      68.302002      -141.723633      50      2      0      
1638198155.4415934      82.287598      -43.640137      50      2      0      
1638198155.5510738      78.750000      95.275879      50      2      0      
1638198155.6626058      63.330688      89.538574      50      2      0      
1638198155.7723355      59.930420      -91.125488      50      2      0      
1638198155.8829212      75.465088      -160.339355      50      2      0      
1638198155.9946213      85.270386      -28.930664      50      2      0      
1638198156.1063237      77.585449      129.333496      50      2      0      
1638198156.218237      63.385620      69.213867      50      2      0      
1638198156.3299422      59.809570      43.457031      50      2      0      
1638198156.440643      72.410889      -143.798828      50      2      0      
1638198156.551347      85.786743      -46.875000      50      2      0      
1638198156.6630487      81.941528      108.154297      50      2      0      
1638198156.7717571      66.231079      99.670410      50      2      0      
1638198156.8834589      62.737427      -64.270020      50      2      0      
1638198156.9941623      77.288818      -154.113770      50      2      0      
1638198157.1058636      87.533569      -23.620605      50      2      0      
1638198157.2175648      79.513550      138.671875      50      2      0      
1638198157.3282697      65.214844      64.636230      50      2      0      
1638198157.4401777      62.177124      8.850098      50      2      0      
1638198157.5500867      74.783936      -143.859863      50      2      0      
1638198157.6612194      88.104858      -49.865723      50      2      0      
1638198157.7705421      83.364258      91.552734      50      2      0      
1638198157.8822412      68.593140      109.497070      50      2      0      
1638198157.9921753      65.610352      -90.515137      50      2      0      
1638198158.1048727      80.062866      -163.269043      50      2      0      
1638198158.2155774      90.093384      -24.108887      50      2      0      
1638198158.3274536      81.194458      135.437012      50      2      0      
1638198158.4391534      67.780151      65.185547      50      2      0      
1638198158.548862      64.841309      -25.268555      50      2      0      
1638198158.6585898      78.002930      -152.099609      50      2      0      
1638198158.7702904      90.944824      -50.537109      50      2      0      
1638198158.8805423      85.671387      114.501953      50      2      0      
1638198158.9916196      70.949707      92.041016      50      2      0      
1638198159.1033216      68.801880      -90.637207      50      2      0      
1638198159.2140255      83.759766      -152.587891      50      2      0      
1638198159.3267245      93.098145      -20.996094      50      2      0      
1638198159.4375117      83.831177      134.338379      50      2      0      
1638198159.5481048      70.235596      60.058594      50      2      0      
1638198159.6592588      67.862549      -13.000488      50      2      0      
1638198159.7703927      81.046143      -153.259277      50      2      0      
1638198159.8801272      93.625488      -43.090820      50      2      0      
1638198159.990667      87.835693      111.206055      50      2      0      
1638198160.1013703      73.212891      109.924316      50      2      0      
1638198160.214069      71.218872      -86.425781      50      2      0      
1638198160.324775      86.325073      -166.503906      50      2      0      
1638198160.4376915      95.910645      -8.911133      50      2      0      
1638198160.5487864      86.715088      137.329102      50      2      0      
1638198160.6577067      73.207397      57.983398      50      2      0      
1638198160.7700527      70.988159      -13.549805      50      2      0      
1638198160.879463      87.978516      -170.349121      50      2      0      
1638198160.9891691      97.498169      -34.851074      50      2      0      
1638198161.100871      87.901611      134.521484      50      2      0      
1638198161.2119575      74.262085      58.776855      50      2      0      
1638198161.3226945      76.052856      -111.755371      50      2      0      
1638198161.435394      92.021484      -170.349121      50      2      0      
1638198161.5465467      96.542358      -48.645020      50      2      0      
1638198161.6569226      92.647705      112.548828      50      2      0      
1638198161.7686248      77.217407      72.448730      50      2      0      
1638198161.8803244      74.328003      -71.594238      50      2      0      
1638198161.9890358      89.143066      -168.701172      50      2      0      
1638198162.0997381      99.316406      -18.005371      50      2      0      
1638198162.2104437      89.983521      136.474609      50      2      0      
1638198162.3221443      76.118774      63.903809      50      2      0      
1638198162.4335825      78.316040      -102.416992      50      2      0      
1638198162.5477202      94.229736      -154.479980      50      2      0      
1638198162.6564302      98.602295      -46.386719      50      2      0      
1638198162.7681344      94.130859      116.577148      50      2      0      
1638198162.877109      78.997192      79.223633      50      2      0      
1638198162.989056      76.223145      -75.744629      50      2      0      
1638198163.0987625      90.895386      -158.386230      50      2      0      
1638198163.209704      101.337891      -21.301270      50      2      0      
1638198163.321407      91.406250      140.930176      50      2      0      
1638198163.4331079      77.601929      57.189941      50      2      0      
1638198163.5450451      80.222168      -111.938477      50      2      0      
1638198163.655176      96.668701      -138.610840      50      2      0      
1638198163.7668343      100.502930      -38.818359      50      2      0      
1638198163.8779662      95.712891      115.417480      50      2      0      
1638198163.9880743      80.441895      76.354980      50      2      0      
1638198164.0977814      78.398438      -71.838379      50      2      0      
1638198164.2091632      92.779541      -164.550781      50      2      0      
1638198164.3208644      102.810059      -4.882812      50      2      0      
1638198164.4305727      93.092651      137.329102      50      2      0      
1638198164.543512      79.041138      55.053711      50      2      0      
1638198164.6542168      82.523804      -119.018555      50      2      0      
1638198164.7659183      98.519897      -124.389648      50      2      0      
1638198164.876621      102.546387      -45.410156      50      2      0      
1638198164.9873276      96.893921      115.356445      50      2      0      
1638198165.0980299      81.727295      84.167480      50      2      0      
1638198165.2081392      79.931030      -87.402344      50      2      0      
1638198165.3198402      94.152832      -158.325195      50      2      0      
1638198165.4295475      104.194336      -17.272949      50      2      0      
1638198165.5432444      94.092407      141.906738      50      2      0      
1638198165.6524515      80.354004      55.114746      50      2      0      
1638198165.76455      84.166260      -107.604980      50      2      0      
1638198165.8742564      100.892944      -134.704590      50      2      0      
1638198165.9859579      104.370117      -42.907715      50      2      0      
1638198166.0980873      98.459473      122.253418      50      2      0      
1638198166.207224      83.507080      71.899414      50      2      0      
1638198166.3176095      82.518311      -75.622559      50      2      0      
1638198166.4283721      97.756348      -170.349121      50      2      0      
1638198166.541071      106.550903      -3.967285      50      2      0      
1638198166.652031      96.899414      136.535645      50      2      0      
1638198166.7627354      83.545532      48.767090      50      2      0      
1638198166.8744361      87.544556      -100.219727      50      2      0      
1638198166.9851406      104.188843      -123.413086      50      2      0      
1638198167.096841      107.830811      -46.020508      50      2      0      
1638198167.207545      99.481201      136.291504      50      2      0      
1638198167.318271      85.539551      60.791016      50      2      0      
1638198167.4279773      88.566284      -112.182617      50      2      0      
1638198167.539438      104.809570      -132.873535      50      2      0      
1638198167.738226      110.011597      57.312012      50      2      0      
1638198167.7641573      96.871948      147.399902      50      2      0      
1638198167.8748608      89.280396      81.848145      50      2      0      
1638198167.9855647      87.934570      -67.016602      50      2      0      
1638198168.09627      103.007812      -170.410156      50      2      0      
1638198168.2069738      112.587891      -29.602051      50      2      0      
1638198168.3166895      102.859497      139.099121      50      2      0      
1638198168.4283814      88.868408      59.448242      50      2      0      
1638198168.5391247      91.669922      -109.436035      50      2      0      
1638198168.648285      108.314209      -111.389160      50      2      0      
1638198168.7609832      112.170410      75.073242      50      2      0      
1638198168.8707404      99.316406      146.850586      50      2      0      
1638198168.98379      91.510620      82.641602      50      2      0      
1638198169.0937157      90.401001      -71.533203      50      2      0      
1638198169.2054162      104.578857      -163.024902      50      2      0      
1638198169.3161206      113.900757      -24.047852      50      2      0      
1638198169.4278219      103.727417      133.178711      50      2      0      
1638198169.537528      89.329834      61.462402      50      2      0      
1638198169.6482325      92.087402      -105.407715      50      2      0      
1638198169.7589364      108.825073      -130.004883      50      2      0      
1638198169.8696423      112.741699      78.063965      50      2      0      
1638198169.981343      98.695679      152.709961      50      2      0      
1638198170.0930436      91.450195      63.659668      50      2      0      
1638198170.205205      91.213989      -59.570312      50      2      0      
1638198170.3159094      105.430298      -171.813965      50      2      0      
1638198170.4256165      114.746704      -26.123047      50      2      0      
1638198170.5373182      104.348145      140.380859      50      2      0      
1638198170.6470246      90.115356      60.729980      50      2      0      
1638198170.7587268      93.532104      -115.112305      50      2      0      
1638198170.8687088      110.577393      -110.351562      50      2      0      
1638198170.9796329      113.433838      73.791504      50      2      0      
1638198171.0917892      99.711914      151.550293      50      2      0      
1638198171.202494      92.422485      60.913086      50      2      0      
1638198171.3141952      92.411499      -65.551758      50      2      0      
1638198171.425079      107.347412      -169.555664      50      2      0      
1638198171.5357847      115.543213      4.699707      50      2      0      
1638198171.6455393      105.144653      138.488770      50      2      0      
1638198171.756462      90.983276      56.213379      50      2      0      
1638198171.8675566      94.476929      -115.783691      50      2      0      
1638198171.9792585      111.533203      -95.520020      50      2      0      
1638198172.0899622      114.378662      86.120605      50      2      0      
1638198172.2016644      100.387573      150.756836      50      2      0      
1638198172.31274      92.647705      64.575195      50      2      0      
1638198172.4234455      93.416748      -87.890625      50      2      0      
1638198172.535556      108.286743      -151.733398      50      2      0      
1638198172.644484      116.339722      15.747070      50      2      0      
1638198172.7551868      105.128174      138.061523      50      2      0      
1638198172.8668895      91.664429      57.922363      50      2      0      
1638198172.9776227      95.795288      -125.610352      50      2      0      
1638198173.0885172      112.950439      -86.975098      50      2      0      
1638198173.1996992      115.323486      76.843262      50      2      0      
1638198173.3133953      100.810547      147.766113      50      2      0      
1638198173.4233487      93.740845      62.133789      50      2      0      
1638198173.5333002      0.000000      -123.229980      50      2      0      
1638198173.644841      112.873535      -87.402344      50      2      0      
