1638197606.2561443      -17.616577      1.464844      30      3.5      0      
1638197606.3638558      -5.789795      -99.914551      30      3.5      0      
1638197606.474559      -11.239014      143.737793      30      3.5      0      
1638197606.584267      -16.572876      -111.328125      30      3.5      0      
1638197606.6964493      -3.548584      -11.596680      30      3.5      0      
1638197606.8073387      -15.260010      78.979492      30      3.5      0      
1638197606.9190753      -9.926147      -143.493652      30      3.5      0      
1638197607.0297794      -3.801270      101.562500      30      3.5      0      
1638197607.1407034      -15.842285      24.108887      30      3.5      0      
1638197607.2524052      -4.894409      -164.794922      30      3.5      0      
1638197607.3631082      -1.922607      60.729980      30      3.5      0      
1638197607.4728167      -14.891968      36.315918      30      3.5      0      
1638197607.5845163      -7.064209      -143.737793      30      3.5      0      
1638197607.695222      -3.554077      114.013672      30      3.5      0      
1638197607.8059254      -14.408569      30.517578      30      3.5      0      
1638197607.9188366      -1.087646      -63.964844      30      3.5      0      
1638197608.0296612      -8.245239      141.906738      30      3.5      0      
1638197608.140355      -12.584839      -90.820312      30      3.5      0      
1638197608.2510598      -0.197754      -4.943848      30      3.5      0      
1638197608.3627603      -12.518921      132.080078      30      3.5      0      
1638197608.4724674      -13.320923      -96.801758      30      3.5      0      
1638197608.5821745      1.109619      -23.193359      30      3.5      0      
1638197608.6940925      -7.388306      137.390137      30      3.5      0      
1638197608.8047948      -7.283936      -120.666504      30      3.5      0      
1638197608.9158852      2.400513      -11.718750      30      3.5      0      
1638197609.03515      -9.481201      28.808594      30      3.5      0      
1638197609.1376276      0.455933      -161.071777      30      3.5      0      
1638197609.2494147      4.163818      94.665527      30      3.5      0      
1638197609.361115      -6.146851      -67.565918      30      3.5      0      
1638197609.4720736      8.234253      -55.053711      30      3.5      0      
1638197609.5837746      8.695679      91.003418      30      3.5      0      
1638197609.6924849      -4.070435      35.156250      30      3.5      0      
1638197609.8034403      8.508911      -159.667969      30      3.5      0      
1638197609.9141445      7.564087      119.140625      30      3.5      0      
1638197610.026843      0.263672      -100.219727      30      3.5      0      
1638197610.1380267      14.765625      -31.188965      30      3.5      0      
1638197610.2487302      6.015015      142.395020      30      3.5      0      
1638197610.3608124      5.394287      -133.544922      30      3.5      0      
1638197610.4715905      16.309204      72.265625      30      3.5      0      
1638197610.5820637      4.037476      21.606445      30      3.5      0      
1638197610.6937659      6.064453      -105.957031      30      3.5      0      
1638197610.803473      19.374390      -12.084961      30      3.5      0      
1638197610.91318      7.921143      77.209473      30      3.5      0      
1638197611.0258775      13.337402      -148.681641      30      3.5      0      
1638197611.1365817      19.588623      68.908691      30      3.5      0      
1638197611.2482831      7.904663      25.512695      30      3.5      0      
1638197611.3579895      19.616089      -169.677734      30      3.5      0      
1638197611.4706874      17.847290      120.544434      30      3.5      0      
1638197611.5813918      10.266724      -116.943359      30      3.5      0      
1638197611.6920967      24.158936      -17.517090      30      3.5      0      
1638197611.8030026      21.027832      107.666016      30      3.5      0      
1638197611.9127755      10.239258      28.930664      30      3.5      0      
1638197612.0248692      23.757935      -105.163574      30      3.5      0      
1638197612.13401      18.078003      138.122559      30      3.5      0      
1638197612.2461102      15.441284      -117.370605      30      3.5      0      
1638197612.359228      27.833862      -19.409180      30      3.5      0      
1638197612.4679718      16.105957      144.653320      30      3.5      0      
1638197612.5798523      21.439819      -146.789551      30      3.5      0      
1638197612.6905594      28.547974      29.663086      30      3.5      0      
1638197612.802321      16.292725      27.099609      30      3.5      0      
1638197612.9119368      29.943237      -98.876953      30      3.5      0      
1638197613.024634      32.662354      -11.291504      30      3.5      0      
1638197613.133396      21.220093      58.044434      30      3.5      0      
1638197613.2437809      32.091064      -166.198730      30      3.5      0      
1638197613.358096      33.568726      116.333008      30      3.5      0      
1638197613.4678397      22.296753      -82.824707      30      3.5      0      
1638197613.5797455      36.749268      -85.937500      30      3.5      0      
1638197613.6895254      30.596924      136.413574      30      3.5      0      
1638197613.801226      27.399902      -90.820312      30      3.5      0      
1638197613.9119768      40.275879      -5.615234      30      3.5      0      
1638197614.0222757      28.075562      80.932617      30      3.5      0      
1638197614.1324763      27.240601      -112.304688      30      3.5      0      
1638197614.2432106      41.176758      -66.040039      30      3.5      0      
1638197614.3551202      31.382446      137.023926      30      3.5      0      
1638197614.4678495      32.997437      -134.216309      30      3.5      0      
1638197614.5785513      43.593750      82.702637      30      3.5      0      
1638197614.6883001      31.646118      40.527344      30      3.5      0      
1638197614.7994533      39.979248      -148.193359      30      3.5      0      
1638197614.9105868      41.407471      119.750977      30      3.5      0      
1638197615.0213032      30.937500      -41.259766      30      3.5      0      
1638197615.131132      44.862671      -104.309082      30      3.5      0      
1638197615.2428331      44.263916      93.200684      30      3.5      0      
1638197615.3535388      32.810669      26.245117      30      3.5      0      
1638197615.465237      45.214233      -166.625977      30      3.5      0      
1638197615.5769398      41.555786      125.671387      30      3.5      0      
1638197615.6870599      34.255371      -111.083984      30      3.5      0      
1638197615.7977624      47.345581      -32.531738      30      3.5      0      
1638197615.908466      37.326050      150.756836      30      3.5      0      
1638197616.0211658      39.863892      -124.694824      30      3.5      0      
1638197616.1332943      49.526367      76.416016      30      3.5      0      
1638197616.2420034      36.820679      50.659180      30      3.5      0      
1638197616.3527086      40.226440      -131.347656      30      3.5      0      
1638197616.464409      50.839233      -11.474609      30      3.5      0      
1638197616.5755184      39.495850      118.469238      30      3.5      0      
1638197616.6872199      46.104126      -156.188965      30      3.5      0      
1638197616.798922      52.767334      92.895508      30      3.5      0      
1638197616.9076316      41.242676      31.494141      30      3.5      0      
1638197617.0203297      54.860229      -110.717773      30      3.5      0      
1638197617.1292827      51.987305      127.258301      30      3.5      0      
1638197617.2404506      45.247192      -101.318359      30      3.5      0      
1638197617.3521514      58.793335      -32.470703      30      3.5      0      
1638197617.4628556      55.420532      116.271973      30      3.5      0      
1638197617.5735602      46.164551      5.737305      30      3.5      0      
1638197617.6855187      60.682983      -56.274414      30      3.5      0      
1638197617.7972214      53.833008      139.587402      30      3.5      0      
1638197617.9079244      50.405273      -101.013184      30      3.5      0      
1638197618.0196626      62.660522      -4.089355      30      3.5      0      
1638197618.1303902      50.916138      29.663086      30      3.5      0      
1638197618.2401607      56.804810      -152.832031      30      3.5      0      
1638197618.3518631      62.424316      109.313965      30      3.5      0      
1638197618.4615705      51.498413      23.559570      30      3.5      0      
1638197618.5726619      55.975342      -125.427246      30      3.5      0      
1638197618.6843622      64.753418      33.569336      30      3.5      0      
1638197618.7954857      52.509155      40.527344      30      3.5      0      
1638197618.9071877      61.550903      -151.733398      30      3.5      0      
1638197619.018115      63.764648      117.858887      30      3.5      0      
1638197619.1278207      53.453979      21.728516      30      3.5      0      
1638197619.240521      68.417358      -52.307129      30      3.5      0      
1638197619.3500717      60.611572      141.662598      30      3.5      0      
1638197619.4602077      57.167358      -132.507324      30      3.5      0      
1638197619.5729384      68.779907      -28.381348      30      3.5      0      
1638197619.683644      63.539429      132.629395      30      3.5      0      
1638197619.7953465      57.326660      -85.937500      30      3.5      0      
1638197619.907045      70.620117      -11.840820      30      3.5      0      
1638197620.016753      60.908203      148.254395      30      3.5      0      
1638197620.1280727      63.786621      -140.441895      30      3.5      0      
1638197620.2397733      72.592163      -7.446289      30      3.5      0      
1638197620.349543      60.364380      26.977539      30      3.5      0      
1638197620.4602466      71.982422      -163.269043      30      3.5      0      
1638197620.5709534      73.037109      111.022949      30      3.5      0      
1638197620.682128      63.632812      -97.229004      30      3.5      0      
1638197620.7940903      71.790161      -154.052734      30      3.5      0      
1638197620.9032345      77.876587      89.477539      30      3.5      0      
1638197621.0163374      65.593872      6.591797      30      3.5      0      
1638197621.1276724      79.475098      -157.348633      30      3.5      0      
1638197621.2383757      76.552734      137.329102      30      3.5      0      
1638197621.348082      70.532227      -117.370605      30      3.5      0      
1638197621.4589798      84.226685      -9.521484      30      3.5      0      
1638197621.5701425      73.723755      147.766113      30      3.5      0      
1638197621.68088      75.646362      -126.892090      30      3.5      0      
1638197621.7916718      85.517578      80.688477      30      3.5      0      
1638197621.903803      77.876587      141.540527      30      3.5      0      
1638197622.015935      75.701294      -96.923828      30      3.5      0      
1638197622.1267347      88.395996      -8.911133      30      3.5      0      
1638197622.2364411      76.041870      82.824707      30      3.5      0      
1638197622.3481722      82.880859      -153.625488      30      3.5      0      
1638197622.4588764      86.973267      97.229004      30      3.5      0      
1638197622.5685835      75.432129      27.893066      30      3.5      0      
1638197622.6785123      88.566284      -164.611816      30      3.5      0      
1638197622.7912097      84.611206      122.497559      30      3.5      0      
1638197622.9028902      77.651367      -118.347168      30      3.5      0      
1638197623.014777      85.369263      -151.245117      30      3.5      0      
1638197623.1251044      87.077637      121.948242      30      3.5      0      
1638197623.235807      76.832886      20.751953      30      3.5      0      
1638197623.3479729      90.521851      -38.452148      30      3.5      0      
1638197623.4582565      83.627930      138.000488      30      3.5      0      
1638197623.5676022      82.441406      -136.108398      30      3.5      0      
1638197623.6783462      94.213257      -14.221191      30      3.5      0      
1638197623.7900488      82.078857      110.717773      30      3.5      0      
1638197623.90175      89.401245      -147.460938      30      3.5      0      
1638197624.011495      94.921875      96.923828      30      3.5      0      
1638197624.1231956      87.127075      142.333984      30      3.5      0      
1638197624.2341616      89.670410      -148.742676      30      3.5      0      
1638197624.3468614      99.316406      -6.958008      30      3.5      0      
1638197624.4565682      87.110596      26.672363      30      3.5      0      
1638197624.5672722      98.541870      -165.710449      30      3.5      0      
1638197624.6765914      98.448486      113.403320      30      3.5      0      
1638197624.7882926      89.566040      -101.623535      30      3.5      0      
1638197624.9009902      104.062500      -50.415039      30      3.5      0      
1638197625.0110633      96.015015      141.906738      30      3.5      0      
1638197625.1219707      95.267944      -122.070312      30      3.5      0      
1638197625.2339501      103.919678      -156.311035      30      3.5      0      
1638197625.3446546      101.991577      139.160156      30      3.5      0      
1638197625.4564085      94.932861      -21.728516      30      3.5      0      
1638197625.5675457      109.259033      -20.751953      30      3.5      0      
1638197625.6772537      99.014282      121.093750      30      3.5      0      
1638197625.7875593      101.678467      -138.916016      30      3.5      0      
1638197625.899475      111.154175      91.857910      30      3.5      0      
1638197626.01018      98.388062      39.978027      30      3.5      0      
1638197626.1213307      108.385620      -147.888184      30      3.5      0      
1638197626.2322483      108.303223      120.849609      30      3.5      0      
1638197626.34395      100.052490      76.477051      30      3.5      0      
1638197626.4546547      106.545410      -157.897949      30      3.5      0      
1638197626.5655968      112.714233      85.266113      30      3.5      0      
1638197626.6758833      100.695190      30.456543      30      3.5      0      
1638197626.7885818      113.593140      -165.466309      30      3.5      0      
1638197626.8982885      109.517212      136.657715      30      3.5      0      
1638197627.0079954      103.073730      -117.553711      30      3.5      0      
1638197627.120214      115.757446      -27.954102      30      3.5      0      
1638197627.2309186      105.655518      142.639160      30      3.5      0      
1638197627.3430336      109.687500      -146.545410      30      3.5      0      
1638197627.4531898      117.614136      -54.687500      30      3.5      0      
1638197627.5648925      110.489502      137.817383      30      3.5      0      
1638197627.6755948      108.435059      -130.249023      30      3.5      0      
1638197627.7863004      120.003662      -19.409180      30      3.5      0      
1638197627.8980007      108.660278      148.437500      30      3.5      0      
1638197628.0073435      116.526489      -149.230957      30      3.5      0      
1638197628.1184561      122.662354      95.153809      30      3.5      0      
1638197628.2301588      111.335449      4.394531      30      3.5      0      
1638197628.3408616      125.496826      -100.708008      30      3.5      0      
1638197628.4525921      121.036377      139.404297      30      3.5      0      
1638197628.5635023      113.571167      38.696289      30      3.5      0      
1638197628.6742353      125.524292      -161.132812      30      3.5      0      
1638197628.7859373      126.320801      118.103027      30      3.5      0      
1638197628.8966417      116.938477      -54.809570      30      3.5      0      
1638197629.007159      131.407471      -106.811523      30      3.5      0      
1638197629.117255      123.134766      138.427734      30      3.5      0      
1638197629.2291963      121.041870      -116.333008      30      3.5      0      
1638197629.3389056      133.758545      20.935059      30      3.5      0      
1638197629.4516025      121.712036      61.218262      30      3.5      0      
1638197629.5633047      128.803711      -154.663086      30      3.5      0      
1638197629.6730099      133.088379      113.342285      30      3.5      0      
1638197629.7857108      124.530029      127.746582      30      3.5      0      
1638197629.895418      126.914062      -132.995605      30      3.5      0      
1638197630.0071187      135.247192      78.796387      30      3.5      0      
1638197630.1158946      123.607178      38.940430      30      3.5      0      
1638197630.2265959      134.110107      -159.362793      30      3.5      0      
1638197630.3395405      135.988770      109.008789      30      3.5      0      
1638197630.4512417      125.348511      -63.964844      30      3.5      0      
1638197630.561949      139.268188      -44.250488      30      3.5      0      
1638197630.6736493      130.731812      143.676758      30      3.5      0      
1638197630.7833574      129.078369      -120.056152      30      3.5      0      
1638197630.8960543      138.779297      -84.228516      30      3.5      0      
1638197631.0068498      135.115356      133.483887      30      3.5      0      
1638197631.1155043      129.776001      -123.840332      30      3.5      0      
1638197631.227206      142.569580      -20.568848      30      3.5      0      
1638197631.3369112      132.346802      151.306152      30      3.5      0      
1638197631.4496105      135.252686      -124.877930      30      3.5      0      
1638197631.561312      144.816284      73.608398      30      3.5      0      
1638197631.6730149      132.423706      26.245117      30      3.5      0      
1638197631.7829223      145.151367      -138.427734      30      3.5      0      
1638197631.8946233      145.497437      97.045898      30      3.5      0      
1638197632.005327      136.439209      52.734375      30      3.5      0      
1638197632.1140373      144.426270      -151.489258      30      3.5      0      
1638197632.2247405      148.480225      106.018066      30      3.5      0      
1638197632.3356707      137.125854      28.991699      30      3.5      0      
1638197632.4483685      151.814575      -81.298828      30      3.5      0      
1638197632.5590727      147.799072      139.770508      30      3.5      0      
1638197632.6717708      143.080444      -119.934082      30      3.5      0      
1638197632.7826588      155.917969      -23.010254      30      3.5      0      
1638197632.8933635      144.689941      49.316406      30      3.5      0      
1638197633.0050757      146.821289      -129.028320      30      3.5      0      
1638197633.113824      156.791382      -63.903809      30      3.5      0      
1638197633.2235317      148.167114      140.319824      30      3.5      0      
1638197633.335233      148.101196      -140.014648      30      3.5      0      
1638197633.445938      159.532471      4.638672      30      3.5      0      
1638197633.5576382      146.530151      43.640137      30      3.5      0      
1638197633.6703374      153.259277      -156.066895      30      3.5      0      
1638197633.7800443      157.280273      99.548340      30      3.5      0      
1638197633.8922067      146.326904      28.381348      30      3.5      0      
1638197634.0029116      160.279541      -100.036621      30      3.5      0      
1638197634.113615      156.264038      120.483398      30      3.5      0      
1638197634.223322      148.677979      30.517578      30      3.5      0      
1638197634.334392      158.554688      -157.165527      30      3.5      0      
1638197634.446094      158.549194      119.384766      30      3.5      0      
1638197634.5558012      149.529419      -80.749512      30      3.5      0      
1638197634.668718      163.443604      -35.339355      30      3.5      0      
1638197634.7804635      156.582642      138.671875      30      3.5      0      
1638197634.8904572      156.143188      -127.929688      30      3.5      0      
1638197635.0011532      166.777954      -5.554199      30      3.5      0      
1638197635.113113      154.171143      42.846680      30      3.5      0      
1638197635.2232728      162.344971      -151.184082      30      3.5      0      
1638197635.3379664      168.777466      -21.545410      30      3.5      0      
1638197635.4456782      159.318237      144.409180      30      3.5      0      
1638197635.555385      164.295044      -153.808594      30      3.5      0      
1638197635.6670878      172.518311      57.556152      30      3.5      0      
1638197635.7787876      160.285034      31.799316      30      3.5      0      
1638197635.8927064      172.727051      -167.785645      30      3.5      0      
1638197636.0004182      171.414185      115.051270      30      3.5      0      
1638197636.1111326      162.778931      -98.449707      30      3.5      0      
1638197636.2228248      178.143311      -29.968262      30      3.5      0      
1638197636.3335302      169.991455      136.230469      30      3.5      0      
1638197636.4432344      165.997925      20.874023      30      3.5      0      
1638197636.554038      178.198242      -157.653809      30      3.5      0      
1638197636.665737      173.139038      144.226074      30      3.5      0      
1638197636.7775285      167.980957      -118.103027      30      3.5      0      
1638197636.8912249      -178.483887      -14.709473      30      3.5      0      
1638197636.9991333      170.222168      111.816406      30      3.5      0      
1638197637.1108346      174.710083      -141.357422      30      3.5      0      
1638197637.2209554      -177.604980      90.881348      30      3.5      0      
1638197637.332875      170.062866      29.357910      30      3.5      0      
1638197637.4425883      -179.912109      -155.639648      30      3.5      0      
1638197637.5532856      -176.110840      13.366699      30      3.5      0      
1638197637.663991      171.743774      42.114258      30      3.5      0      
1638197637.7766893      -179.989014      -146.911621      30      3.5      0      
1638197637.8873932      -175.336304      90.332031      30      3.5      0      
1638197637.9980974      172.738037      22.094727      30      3.5      0      
1638197638.1097987      -173.562012      -99.060059      30      3.5      0      
1638197638.220503      -179.714355      139.587402      30      3.5      0      
1638197638.3304396      175.501099      -91.552734      30      3.5      0      
1638197638.443138      -171.831665      -31.616211      30      3.5      0      
1638197638.5530596      177.418213      143.554688      30      3.5      0      
1638197638.6622095      175.731812      -102.050781      30      3.5      0      
1638197638.7735574      -170.277100      -30.883789      30      3.5      0      
1638197638.886388      -178.291626      137.145996      30      3.5      0      
1638197638.997092      -178.170776      -120.910645      30      3.5      0      
1638197639.1090257      -167.393188      -16.296387      30      3.5      0      
1638197639.2197297      -179.978027      86.853027      30      3.5      0      
1638197639.3306732      -169.832153      -165.527344      30      3.5      0      
1638197639.4414124      -166.146240      95.214844      30      3.5      0      
1638197639.55315      -177.072144      7.934570      30      3.5      0      
1638197639.661862      -163.031616      -105.102539      30      3.5      0      
1638197639.7755566      -162.685547      89.538574      30      3.5      0      
1638197639.8855326      -175.594482      31.372070      30      3.5      0      
1638197639.9958699      -163.558960      -159.729004      30      3.5      0      
1638197640.1075711      -164.349976      116.821289      30      3.5      0      
1638197640.218275      -172.188721      -47.485352      30      3.5      0      
1638197640.3289793      -158.071289      -46.569824      30      3.5      0      
1638197640.4406815      -168.162231      143.249512      30      3.5      0      
1638197640.5506446      -168.777466      -96.984863      30      3.5      0      
1638197640.6615586      -157.357178      52.307129      30      3.5      0      
1638197640.7715313      -169.771729      41.015625      30      3.5      0      
