1638195362.670304      -4.696655      82.519531      30      2      0      
1638195362.7800114      -10.393066      82.458496      30      2      0      
1638195362.8911207      -16.441040      20.874023      30      2      0      
1638195363.0018263      -13.776855      -71.533203      30      2      0      
1638195363.1130035      -4.421997      -68.542480      30      2      0      
1638195363.2241535      -2.944336      7.141113      30      2      0      
1638195363.334062      -11.134644      66.650391      30      2      0      
1638195363.446761      -16.045532      19.531250      30      2      0      
1638195363.5564692      -11.228027      -89.233398      30      2      0      
1638195363.6681693      -2.400513      -33.447266      30      2      0      
1638195363.7783566      -3.087158      82.397461      30      2      0      
1638195363.890059      -8.816528      54.626465      30      2      0      
1638195364.0007648      -14.963379      21.789551      30      2      0      
1638195364.113134      -12.052002      -18.432617      30      2      0      
1638195364.2228444      -3.021240      -60.424805      30      2      0      
1638195364.3329525      -1.323853      3.356934      30      2      0      
1638195364.445662      -10.129395      66.406250      30      2      0      
1638195364.5556915      -14.683228      18.737793      30      2      0      
1638195364.665597      -9.926147      -85.815430      30      2      0      
1638195364.7782962      -1.466675      -26.733398      30      2      0      
1638195364.8899982      -1.944580      64.758301      30      2      0      
1638195364.9997454      -7.767334      55.603027      30      2      0      
1638195365.1124434      -13.672485      20.996094      30      2      0      
1638195365.2231483      -10.579834      -18.676758      30      2      0      
1638195365.3328552      -1.505127      -53.466797      30      2      0      
1638195365.4435585      0.153809      29.235840      30      2      0      
1638195365.554262      -8.162842      63.598633      30      2      0      
1638195365.665146      -12.711182      20.202637      30      2      0      
1638195365.7768478      -7.432251      -87.646484      30      2      0      
1638195365.8875515      0.719604      -24.658203      30      2      0      
1638195365.9992528      0.269165      74.707031      30      2      0      
1638195366.1099575      -5.822754      40.039062      30      2      0      
1638195366.2216606      -11.277466      22.644043      30      2      0      
1638195366.3333602      -7.948608      -19.958496      30      2      0      
1638195366.4430692      0.972290      -42.297363      30      2      0      
1638195366.5547702      2.614746      43.823242      30      2      0      
1638195366.6634774      -6.119385      83.740234      30      2      0      
1638195366.775343      -10.211792      17.883301      30      2      0      
1638195366.8870451      -4.498901      -103.393555      30      2      0      
1638195366.999265      3.449707      -23.681641      30      2      0      
1638195367.10917      2.449951      60.729980      30      2      0      
1638195367.2198694      -3.471680      52.917480      30      2      0      
1638195367.3317993      -8.530884      21.362305      30      2      0      
1638195367.4425025      -5.037231      -18.737793      30      2      0      
1638195367.553396      3.779297      -56.457520      30      2      0      
1638195367.6621814      5.086670      30.700684      30      2      0      
1638195367.7748787      -3.350830      76.782227      30      2      0      
1638195367.8855844      -7.575073      18.310547      30      2      0      
1638195367.9972858      -1.702881      -80.688477      30      2      0      
1638195368.1080437      6.075439      -24.353027      30      2      0      
1638195368.2197428      5.086670      71.899414      30      2      0      
1638195368.3300695      -1.148071      38.940430      30      2      0      
1638195368.44177      -5.883179      16.662598      30      2      0      
1638195368.5527685      -1.983032      -23.620605      30      2      0      
1638195368.662475      6.498413      -43.273926      30      2      0      
1638195368.7721808      7.783813      28.137207      30      2      0      
1638195368.8828855      -0.955811      56.457520      30      2      0      
1638195369.0080101      -4.614258      17.639160      30      2      0      
1638195369.1059885      1.631470      -96.191406      30      2      0      
1638195369.2177203      9.481201      -17.883301      30      2      0      
1638195369.3294213      8.003540      81.542969      30      2      0      
1638195369.440125      2.164307      41.320801      30      2      0      
1638195369.5502203      -2.010498      15.686035      30      2      0      
1638195369.6609182      2.147827      -36.804199      30      2      0      
1638195369.7716975      10.530396      -43.640137      30      2      0      
1638195369.8833995      11.277466      16.967773      30      2      0      
1638195369.9951005      3.103638      51.879883      30      2      0      
1638195370.1048079      -0.648193      17.578125      30      2      0      
1638195370.218505      6.036987      -86.303711      30      2      0      
1638195370.328621      13.238525      -11.413574      30      2      0      
1638195370.4383273      11.854248      95.275879      30      2      0      
1638195370.5506706      5.586548      37.719727      30      2      0      
1638195370.6623704      1.395264      16.479492      30      2      0      
1638195370.7703567      6.031494      -77.636719      30      2      0      
1638195370.8820589      14.342651      -36.926270      30      2      0      
1638195370.9927623      15.023804      26.367188      30      2      0      
1638195371.1054628      6.416016      69.152832      30      2      0      
1638195371.2182286      2.889404      9.521484      30      2      0      
1638195371.3269403      9.755859      -107.788086      30      2      0      
1638195371.4376423      16.869507      -10.314941      30      2      0      
1638195371.549753      14.754639      83.740234      30      2      0      
1638195371.6598892      8.876953      46.508789      30      2      0      
1638195371.7725873      4.553833      17.395020      30      2      0      
1638195371.8812969      9.821777      -50.537109      30      2      0      
1638195371.992001      17.655029      -35.522461      30      2      0      
1638195372.1071715      17.797852      47.607422      30      2      0      
1638195372.2148833      9.393311      63.720703      30      2      0      
1638195372.327583      5.597534      5.126953      30      2      0      
1638195372.4367247      13.079224      -92.041016      30      2      0      
1638195372.5484955      19.901733      -19.042969      30      2      0      
1638195372.6593869      18.088989      88.867188      30      2      0      
1638195372.769092      11.552124      52.429199      30      2      0      
1638195372.8792093      7.256470      19.409180      30      2      0      
1638195372.9909098      12.914429      -63.171387      30      2      0      
1638195373.1026123      20.824585      -30.761719      30      2      0      
1638195373.2135131      20.802612      57.861328      30      2      0      
1638195373.324217      11.936646      55.603027      30      2      0      
1638195373.435517      8.640747      -5.249023      30      2      0      
1638195373.5472178      16.473999      -105.590820      30      2      0      
1638195373.6577241      23.450317      -14.343262      30      2      0      
1638195373.769605      20.808105      104.919434      30      2      0      
1638195373.8793113      15.034790      51.208496      30      2      0      
1638195373.990067      10.975342      18.615723      30      2      0      
1638195374.1007705      16.743164      -52.001953      30      2      0      
1638195374.2124727      24.801636      -30.883789      30      2      0      
1638195374.3232358      24.367676      86.242676      30      2      0      
1638195374.434198      15.985107      56.701660      30      2      0      
1638195374.5463917      12.826538      -57.312012      30      2      0      
1638195374.6567209      20.961914      -101.867676      30      2      0      
1638195374.7686398      27.471313      -19.348145      30      2      0      
1638195374.8803422      25.120239      108.398438      30      2      0      
1638195374.9892695      19.033813      58.349609      30      2      0      
1638195375.1030395      14.990845      18.371582      30      2      0      
1638195375.2111537      20.714722      -55.419922      30      2      0      
1638195375.322446      28.657837      -30.456543      30      2      0      
1638195375.4327493      28.059082      44.738770      30      2      0      
1638195375.54445      19.237061      57.250977      30      2      0      
1638195375.6555722      16.402588      -74.829102      30      2      0      
1638195375.7672741      24.730225      -106.689453      30      2      0      
1638195375.8779788      31.173706      -8.483887      30      2      0      
1638195375.9886377      28.070068      105.407715      30      2      0      
1638195376.099341      22.527466      80.871582      30      2      0      
1638195376.2098718      18.588867      17.700195      30      2      0      
1638195376.3215744      24.494019      -49.011230      30      2      0      
1638195376.4317405      32.541504      -29.602051      30      2      0      
1638195376.54392      31.607666      17.089844      30      2      0      
1638195376.6556256      23.005371      48.767090      30      2      0      
1638195376.7653291      20.308228      -0.488281      30      2      0      
1638195376.876032      28.948975      -100.524902      30      2      0      
1638195376.9879503      34.887085      -11.230469      30      2      0      
1638195377.0976572      32.376709      102.416992      30      2      0      
1638195377.2093592      26.257324      69.030762      30      2      0      
1638195377.3206613      22.631836      17.272949      30      2      0      
1638195377.431033      28.970947      -66.101074      30      2      0      
1638195377.54318      36.881104      -18.432617      30      2      0      
1638195377.6528888      35.903320      0.305176      30      2      0      
1638195377.7645884      27.180176      50.659180      30      2      0      
1638195377.8763442      24.829102      -16.601562      30      2      0      
1638195377.9874234      33.832397      -111.206055      30      2      0      
1638195378.0981288      39.847412      -7.202148      30      2      0      
1638195378.2088737      36.507568      92.102051      30      2      0      
1638195378.3220534      31.228638      62.072754      30      2      0      
1638195378.4307585      27.625122      17.150879      30      2      0      
1638195378.540729      34.343262      -62.683105      30      2      0      
1638195378.6526003      42.022705      -14.465332      30      2      0      
1638195378.764338      40.567017      17.272949      30      2      0      
1638195378.87604      32.272339      47.241211      30      2      0      
1638195378.9859648      29.926758      -79.833984      30      2      0      
1638195379.0976677      39.138794      -94.360352      30      2      0      
1638195379.207996      44.439697      -0.122070      30      2      0      
1638195379.3183844      41.160278      103.698730      30      2      0      
1638195379.429467      35.348511      44.067383      30      2      0      
1638195379.5401704      31.876831      17.333984      30      2      0      
1638195379.6509182      38.897095      -48.950195      30      2      0      
1638195379.7628467      46.181030      -8.728027      30      2      0      
1638195379.8735504      44.637451      19.042969      30      2      0      
1638195379.9842541      36.090088      41.625977      30      2      0      
1638195380.0953841      33.892822      -55.786133      30      2      0      
1638195380.207175      43.132324      -77.026367      30      2      0      
1638195380.317879      48.482666      2.258301      30      2      0      
1638195380.4275858      44.472656      110.900879      30      2      0      
1638195380.538486      39.270630      66.040039      30      2      0      
1638195380.6493723      36.007690      -51.818848      30      2      0      
1638195380.761476      44.807739      -105.163574      30      2      0      
1638195380.873178      51.053467      -16.174316      30      2      0      
1638195380.983684      48.334351      93.444824      30      2      0      
1638195381.098439      40.138550      21.057129      30      2      0      
1638195381.2061522      40.374756      -56.518555      30      2      0      
1638195381.316855      44.560547      -49.865723      30      2      0      
1638195381.426699      52.734375      -32.592773      30      2      0      
1638195381.5384      52.333374      70.129395      30      2      0      
1638195381.6481352      43.126831      34.973145      30      2      0      
1638195381.759876      40.764771      -27.221680      30      2      0      
1638195381.872575      50.295410      -95.764160      30      2      0      
1638195381.9842765      56.074219      -15.808105      30      2      0      
1638195382.0964444      52.586060      95.031738      30      2      0      
1638195382.2061756      45.104370      17.822266      30      2      0      
1638195382.3178763      45.406494      -77.270508      30      2      0      
1638195382.426921      50.158081      -48.095703      30      2      0      
1638195382.5366278      58.040771      -28.564453      30      2      0      
1638195382.6475873      57.348633      57.739258      30      2      0      
1638195382.7581148      48.279419      36.743164      30      2      0      
1638195382.8700151      46.076660      -18.737793      30      2      0      
1638195382.9837115      55.464478      -99.792480      30      2      0      
1638195383.0934181      61.265259      -19.592285      30      2      0      
1638195383.2035682      57.881470      95.397949      30      2      0      
1638195383.3154826      50.251465      19.226074      30      2      0      
1638195383.4261882      50.855713      -67.871094      30      2      0      
1638195383.5379639      55.821533      -55.053711      30      2      0      
1638195383.6466742      63.594360      -26.977539      30      2      0      
1638195383.756784      62.704468      60.119629      30      2      0      
1638195383.8695557      53.377075      32.165527      30      2      0      
1638195383.9811454      51.454468      -50.964355      30      2      0      
1638195384.0918486      61.567383      -106.384277      30      2      0      
1638195384.202421      66.884766      -22.155762      30      2      0      
1638195384.3141983      63.226318      96.191406      30      2      0      
1638195384.4239066      55.409546      18.981934      30      2      0      
1638195384.5366042      56.409302      -71.350098      30      2      0      
1638195384.6453445      61.320190      -73.547363      30      2      0      
1638195384.7565455      68.977661      -22.888184      30      2      0      
1638195384.8663828      67.532959      78.796387      30      2      0      
1638195384.981525      58.353882      34.057617      30      2      0      
1638195385.0902336      56.612549      -83.496094      30      2      0      
1638195385.2019718      66.615601      -108.093262      30      2      0      
1638195385.312675      71.976929      -9.887695      30      2      0      
1638195385.423597      68.016357      86.425781      30      2      0      
1638195385.5357592      60.606079      21.423340      30      2      0      
1638195385.6444678      61.633301      -72.814941      30      2      0      
1638195385.7561696      66.835327      -41.442871      30      2      0      
1638195385.8672588      74.355469      -25.390625      30      2      0      
1638195385.978026      72.828369      88.256836      30      2      0      
1638195386.090249      63.489990      28.686523      30      2      0      
1638195386.20016      61.820068      -36.743164      30      2      0      
1638195386.3132536      72.317505      -103.698730      30      2      0      
1638195386.4229834      77.316284      -9.216309      30      2      0      
1638195386.5340815      72.800903      100.036621      30      2      0      
1638195386.644064      65.352173      20.690918      30      2      0      
1638195386.7552204      66.439819      -69.641113      30      2      0      
1638195386.8659246      71.581421      -49.438477      30      2      0      
1638195386.9766703      79.096069      0.610352      30      2      0      
1638195387.0913637      74.992676      83.068848      30      2      0      
1638195387.199103      67.406616      25.024414      30      2      0      
1638195387.3109696      67.977905      -50.415039      30      2      0      
1638195387.421888      78.634644      -52.001953      30      2      0      
1638195387.5330298      82.188721      -19.470215      30      2      0      
1638195387.643733      79.634399      71.960449      30      2      0      
1638195387.754437      71.361694      50.842285      30      2      0      
1638195387.865178      69.521484      -3.906250      30      2      0      
1638195387.9760983      78.821411      -108.825684      30      2      0      
1638195388.0868022      84.171753      -5.126953      30      2      0      
1638195388.1985042      80.551758      82.275391      30      2      0      
1638195388.3092072      72.932739      21.789551      30      2      0      
1638195388.4219065      73.712769      -33.142090      30      2      0      
1638195388.531613      84.534302      -68.481445      30      2      0      
1638195388.6443112      87.747803      -15.686035      30      2      0      
1638195388.7540188      84.858398      54.687500      30      2      0      
1638195388.8627658      76.574707      45.471191      30      2      0      
1638195388.9746943      75.261841      -2.075195      30      2      0      
1638195389.08452      84.578247      -113.037109      30      2      0      
1638195389.1978579      90.005493      -9.033203      30      2      0      
1638195389.3075643      85.786743      79.956055      30      2      0      
1638195389.4185305      78.629150      21.301270      30      2      0      
1638195389.5312278      79.431152      -57.006836      30      2      0      
1638195389.6420398      90.027466      -52.612305      30      2      0      
1638195389.752743      93.131104      2.014160      30      2      0      
1638195389.8634837      89.989014      81.359863      30      2      0      
1638195389.973996      82.078857      42.297363      30      2      0      
1638195390.0847006      80.969238      10.131836      30      2      0      
1638195390.1986003      90.120850      -102.355957      30      2      0      
1638195390.3172662      94.812012      -11.718750      30      2      0      
1638195390.4179983      90.631714      80.444336      30      2      0      
1638195390.5306964      83.375244      23.620605      30      2      0      
1638195390.640405      84.177246      -52.917480      30      2      0      
1638195390.752105      94.757080      -61.157227      30      2      0      
1638195390.8640327      97.520142      15.075684      30      2      0      
1638195390.9747355      94.015503      69.396973      30      2      0      
1638195391.083882      85.891113      36.987305      30      2      0      
1638195391.195798      85.286865      -14.282227      30      2      0      
1638195391.3055055      94.498901      -110.412598      30      2      0      
1638195391.4166381      99.096680      -19.592285      30      2      0      
1638195391.527342      94.037476      85.510254      30      2      0      
1638195391.64004      87.517090      21.606445      30      2      0      
1638195391.75081      88.637695      -71.472168      30      2      0      
1638195391.8625124      98.794556      -55.664062      30      2      0      
1638195391.9722862      101.310425      12.512207      30      2      0      
1638195392.0839872      97.811279      71.350098      30      2      0      
1638195392.1946907      90.065918      33.996582      30      2      0      
1638195392.303985      89.560547      -14.831543      30      2      0      
1638195392.4156866      99.058228      -104.980469      30      2      0      
1638195392.5274448      103.326416      -23.315430      30      2      0      
1638195392.6396108      98.442993      86.181641      30      2      0      
1638195392.7493176      91.614990      21.972656      30      2      0      
1638195392.8610191      93.400269      -81.604004      30      2      0      
1638195392.9717236      103.287964      -65.979004      30      2      0      
1638195393.0817115      105.347900      3.723145      30      2      0      
1638195393.1938426      101.711426      54.931641      30      2      0      
1638195393.3031716      93.559570      20.690918      30      2      0      
1638195393.414875      94.542847      -61.828613      30      2      0      
1638195393.5257957      104.793091      -55.175781      30      2      0      
1638195393.636499      107.885742      -1.525879      30      2      0      
1638195393.7491975      100.178833      110.961914      30      2      0      
1638195393.859902      95.234985      19.592285      30      2      0      
1638195393.9710188      94.735107      13.366699      30      2      0      
1638195394.0817244      105.199585      -39.916992      30      2      0      
1638195394.1926458      109.863281      -11.474609      30      2      0      
1638195394.302402      104.749146      53.283691      30      2      0      
1638195394.4143052      97.882690      20.141602      30      2      0      
1638195394.525239      98.893433      -91.369629      30      2      0      
1638195394.6371467      109.495239      -55.969238      30      2      0      
1638195394.746852      112.236328      -7.629395      30      2      0      
1638195394.8590667      104.672241      95.214844      30      2      0      
1638195394.9699683      99.558105      20.568848      30      2      0      
1638195395.0808735      99.321899      17.822266      30      2      0      
1638195395.191962      109.934692      -48.522949      30      2      0      
1638195395.3019497      114.098511      -8.544922      30      2      0      
1638195395.412059      108.874512      72.204590      30      2      0      
1638195395.5237603      102.139893      19.775391      30      2      0      
1638195395.6354623      103.584595      -60.363770      30      2      0      
1638195395.746551      113.598633      -51.025391      30      2      0      
1638195395.8582528      116.433105      0.183105      30      2      0      
1638195395.9689572      108.231812      91.430664      30      2      0      
1638195396.0806575      103.463745      19.836426      30      2      0      
1638195396.1913624      103.546143      1.892090      30      2      0      
1638195396.30315      113.911743      -38.696289      30      2      0      
1638195396.4118583      117.751465      -5.065918      30      2      0      
1638195396.5221198      112.269287      46.447754      30      2      0      
1638195396.6338217      105.726929      21.972656      30      2      0      
1638195396.744526      107.078247      -79.650879      30      2      0      
1638195396.8564506      117.372437      -51.208496      30      2      0      
1638195396.9681516      119.734497      24.841309      30      2      0      
1638195397.0783262      111.697998      105.468750      30      2      0      
1638195397.1902676      106.929932      21.118164      30      2      0      
1638195397.3010473      107.149658      -2.319336      30      2      0      
1638195397.4107535      117.723999      -34.301758      30      2      0      
1638195397.5207014      121.294556      -5.615234      30      2      0      
1638195397.6324024      115.504761      54.260254      30      2      0      
1638195397.7441037      109.000854      18.676758      30      2      0      
1638195397.8558052      110.797119      -93.017578      30      2      0      
1638195397.9685047      120.695801      -45.288086      30      2      0      
1638195398.0782123      123.046875      35.766602      30      2      0      
1638195398.1889155      114.955444      68.969727      30      2      0      
1638195398.300064      109.923706      20.568848      30      2      0      
1638195398.411766      110.357666      10.986328      30      2      0      
1638195398.5224714      120.937500      -34.729004      30      2      0      
1638195398.6321762      124.392700      -13.366699      30      2      0      
1638195398.7419243      118.201904      38.085938      30      2      0      
1638195398.8532588      111.868286      23.559570      30      2      0      
1638195398.964961      113.686523      -95.703125      30      2      0      
1638195399.0766637      123.480835      -51.452637      30      2      0      
1638195399.1873677      125.579224      22.705078      30      2      0      
1638195399.2990682      117.257080      95.275879      30      2      0      
1638195399.4107702      112.219849      21.606445      30      2      0      
1638195399.520733      112.944946      5.554199      30      2      0      
1638195399.6315055      124.442139      -60.913086      30      2      0      
1638195399.7432075      126.727295      1.770020      30      2      0      
1638195399.8529134      118.657837      78.796387      30      2      0      
1638195399.9638946      113.670044      19.287109      30      2      0      
1638195400.0750985      118.487549      -86.853027      30      2      0      
1638195400.187796      126.666870      -32.714844      30      2      0      
1638195400.2975042      127.880859      -15.319824      30      2      0      
1638195400.4082625      122.958984      90.332031      30      2      0      
1638195400.5192573      115.801392      20.629883      30      2      0      
1638195400.6319566      117.180176      -99.731445      30      2      0      
1638195400.742809      127.177734      -53.466797      30      2      0      
1638195400.8526886      129.858398      19.470215      30      2      0      
1638195400.962395      121.283569      102.294922      30      2      0      
1638195401.0740974      116.482544      18.676758      30      2      0      
1638195401.1860595      121.113281      -86.547852      30      2      0      
1638195401.2967653      129.226685      -30.090332      30      2      0      
1638195401.4079108      130.270386      -10.437012      30      2      0      
1638195401.5188358      124.936523      93.505859      30      2      0      
1638195401.6295393      118.251343      19.348145      30      2      0      
1638195401.7407215      119.300537      -99.792480      30      2      0      
1638195401.8504283      129.512329      -51.696777      30      2      0      
1638195401.9611323      131.857910      21.789551      30      2      0      
1638195402.072411      123.365479      91.247559      30      2      0      
1638195402.1832821      118.773193      19.531250      30      2      0      
1638195402.2969844      124.035645      -89.965820      30      2      0      
1638195402.407684      131.775513      -26.000977      30      2      0      
1638195402.5183852      132.247925      -3.723145      30      2      0      
1638195402.6290903      126.963501      105.163574      30      2      0      
1638195402.7387974      120.355225      19.226074      30      2      0      
1638195402.849501      122.118530      -94.665527      30      2      0      
1638195402.9602854      131.588745      -44.189453      30      2      0      
1638195403.0719864      134.022217      33.935547      30      2      0      
1638195403.1826913      125.496826      105.163574      30      2      0      
1638195403.2946296      120.734253      20.385742      30      2      0      
1638195403.4054332      125.897827      -93.444824      30      2      0      
1638195403.5165365      133.714600      -21.484375      30      2      0      
1638195403.6282384      134.642944      -3.051758      30      2      0      
1638195403.736948      128.770752      93.261719      30      2      0      
1638195403.8488507      122.612915      19.592285      30      2      0      
1638195403.9595542      124.140015      -99.548340      30      2      0      
1638195404.0704906      134.005737      -41.015625      30      2      0      
1638195404.1811955      135.961304      30.090332      30      2      0      
1638195404.2942767      127.578735      98.632812      30      2      0      
1638195404.4050183      122.865601      21.789551      30      2      0      
1638195404.5153465      128.188477      -92.224121      30      2      0      
1638195404.6270497      135.961304      -24.536133      30      2      0      
1638195404.7380033      136.549072      1.159668      30      2      0      
1638195404.8497043      130.632935      104.125977      30      2      0      
1638195404.959437      124.321289      20.812988      30      2      0      
1638195405.0691445      126.688843      -92.773438      30      2      0      
1638195405.1803901      135.807495      -39.672852      30      2      0      
1638195405.2925692      137.620239      47.851562      30      2      0      
1638195405.4034743      129.545288      98.571777      30      2      0      
1638195405.5144515      124.579468      20.263672      30      2      0      
1638195405.62715      129.858398      -93.688965      30      2      0      
1638195405.7360535      137.768555      -18.249512      30      2      0      
1638195405.8487525      138.603516      0.000000      30      2      0      
1638195405.9574616      130.495605      70.495605      30      2      0      
1638195406.0683625      125.963745      18.493652      30      2      0      
1638195406.179068      130.567017      -100.402832      30      2      0      
1638195406.2901356      138.949585      -29.785156      30      2      0      
1638195406.4068236      138.691406      74.645996      30      2      0      
1638195406.512756      130.100098      61.218262      30      2      0      
1638195406.6249776      127.600708      23.376465      30      2      0      
1638195406.7362802      130.187988      -19.104004      30      2      0      
1638195406.8474553      138.845215      -61.157227      30      2      0      
1638195406.9571605      141.124878      -3.784180      30      2      0      
1638195407.067093      132.797241      77.453613      30      2      0      
1638195407.1780567      128.562012      18.066406      30      2      0      
1638195407.2897584      134.143066      -93.872070      30      2      0      
1638195407.4031012      142.025757      -29.602051      30      2      0      
1638195407.5118778      141.910400      86.425781      30      2      0      
1638195407.6235788      133.000488      58.349609      30      2      0      
1638195407.7337964      130.775757      22.949219      30      2      0      
1638195407.845692      133.648682      -14.038086      30      2      0      
1638195407.9568226      141.910400      -63.232422      30      2      0      
1638195408.0667622      144.288940      -7.507324      30      2      0      
1638195408.1784687      136.323853      68.725586      30      2      0      
1638195408.2896316      131.797485      19.104004      30      2      0      
1638195408.400825      137.373047      -81.909180      30      2      0      
1638195408.5109134      145.629272      -30.883789      30      2      0      
1638195408.6217039      144.959106      59.692383      30      2      0      
1638195408.73241      136.164551      49.194336      30      2      0      
1638195408.8435893      134.137573      21.057129      30      2      0      
1638195408.9562893      137.471924      -21.118164      30      2      0      
1638195409.0659957      145.975342      -59.692383      30      2      0      
1638195409.1767      147.914429      -9.460449      30      2      0      
1638195409.2864077      139.548340      94.177246      30      2      0      
1638195409.3985178      135.280151      17.395020      30      2      0      
1638195409.51022      141.009521      -79.650879      30      2      0      
1638195409.620923      149.002075      -22.155762      30      2      0      
1638195409.7326255      147.930908      87.707520      30      2      0      
1638195409.8433294      139.141846      50.720215      30      2      0      
1638195409.9544435      137.307129      21.362305      30      2      0      
1638195410.0651484      140.932617      -59.631348      30      2      0      
1638195410.176853      149.353638      -48.217773      30      2      0      
1638195410.2869797      151.094971      0.122070      30      2      0      
1638195410.397117      142.965088      108.947754      30      2      0      
1638195410.5092516      138.284912      18.920898      30      2      0      
1638195410.6192555      143.761597      -88.806152      30      2      0      
1638195410.7311733      151.803589      -19.348145      30      2      0      
1638195410.8428743      150.693970      95.031738      30      2      0      
1638195410.9535794      141.481934      58.410645      30      2      0      
1638195411.0654948      139.883423      18.371582      30      2      0      
1638195411.176202      143.937378      -29.907227      30      2      0      
1638195411.287904      152.297974      -46.569824      30      2      0      
1638195411.3968358      153.599854      -13.061523      30      2      0      
1638195411.507574      145.222778      99.304199      30      2      0      
1638195411.6177099      140.646973      18.310547      30      2      0      
1638195411.7305098      146.304932      -85.388184      30      2      0      
1638195411.840486      154.132690      -9.887695      30      2      0      
1638195411.952178      152.863770      71.105957      30      2      0      
1638195412.0639915      143.311157      52.490234      30      2      0      
1638195412.1736991      141.778564      20.568848      30      2      0      
1638195412.285915      146.722412      -74.829102      30      2      0      
1638195412.395621      154.819336      -30.212402      30      2      0      
1638195412.5073779      154.632568      84.411621      30      2      0      
1638195412.618082      145.623779      44.189453      30      2      0      
1638195412.729783      142.382812      -0.244141      30      2      0      
1638195412.8400717      150.122681      -114.562988      30      2      0      
1638195412.9517717      155.050049      -33.630371      30      2      0      
1638195413.0624785      156.335449      2.807617      30      2      0      
1638195413.1736145      147.645264      43.640137      30      2      0      
1638195413.2846951      143.442993      18.432617      30      2      0      
1638195413.3956172      149.007568      -108.886719      30      2      0      
1638195413.5065222      157.011108      -31.005859      30      2      0      
1638195413.6176286      156.154175      92.163086      30      2      0      
1638195413.7283318      147.689209      59.509277      30      2      0      
1638195413.8380382      144.673462      -30.944824      30      2      0      
1638195413.9519534      153.001099      -107.299805      30      2      0      
1638195414.0606637      157.730713      -49.316406      30      2      0      
1638195414.1725888      159.191895      32.836914      30      2      0      
1638195414.2833292      150.364380      39.489746      30      2      0      
1638195414.3950312      145.865479      20.690918      30      2      0      
1638195414.5052626      151.237793      -68.176270      30      2      0      
1638195414.6149683      159.230347      -26.611328      30      2      0      
1638195414.7256725      158.642578      73.791504      30      2      0      
1638195414.837563      149.820557      55.114746      30      2      0      
1638195414.9484916      147.595825      -53.710938      30      2      0      
1638195415.0614178      155.610352      -118.041992      30      2      0      
1638195415.1705337      160.328979      -37.231445      30      2      0      
1638195415.2826395      161.916504      -1.525879      30      2      0      
1638195415.3934412      152.808838      41.076660      30      2      0      
1638195415.5051863      148.573608      20.874023      30      2      0      
1638195415.6141522      154.544678      -44.860840      30      2      0      
1638195415.7268527      162.224121      -26.367188      30      2      0      
1638195415.8362288      161.334229      86.486816      30      2      0      
1638195415.947245      152.589111      41.076660      30      2      0      
1638195416.0589454      150.194092      -61.340332      30      2      0      
1638195416.171847      158.763428      -96.069336      30      2      0      
1638195416.2812145      163.218384      -35.095215      30      2      0      
1638195416.3919175      164.481812      21.606445      30      2      0      
1638195416.5046172      155.769653      43.701172      30      2      0      
1638195416.6137106      151.781616      18.371582      30      2      0      
1638195416.7234185      158.181152      -43.701172      30      2      0      
1638195416.8341212      165.915527      -26.184082      30      2      0      
1638195416.9462223      165.113525      62.927246      30      2      0      
1638195417.0582104      156.231079      49.194336      30      2      0      
1638195417.1699195      154.209595      -79.711914      30      2      0      
1638195417.2800696      163.130493      -118.713379      30      2      0      
1638195417.3917713      167.360229      -35.522461      30      2      0      
1638195417.502721      168.425903      39.550781      30      2      0      
1638195417.6136281      159.395142      44.555664      30      2      0      
1638195417.7227695      155.516968      20.385742      30      2      0      
1638195417.834471      162.075806      -78.613281      30      2      0      
1638195417.9451745      169.771729      -21.606445      30      2      0      
1638195418.0562816      168.601685      87.829590      30      2      0      
1638195418.170174      159.757690      40.222168      30      2      0      
1638195418.280879      157.857056      -71.716309      30      2      0      
1638195418.3905852      167.338257      -117.858887      30      2      0      
1638195418.5017037      171.348267      -35.949707      30      2      0      
1638195418.6114106      170.694580      68.237305      30      2      0      
1638195418.7225862      162.218628      62.316895      30      2      0      
1638195418.8343253      159.510498      -46.081543      30      2      0      
1638195418.9430654      168.321533      -104.187012      30      2      0      
1638195419.054968      173.880615      8.789062      30      2      0      
1638195419.1676674      170.969238      75.866699      30      2      0      
1638195419.2783723      166.025391      37.170410      30      2      0      
1638195419.390072      161.779175      18.432617      30      2      0      
1638195419.5027707      167.931519      -107.116699      30      2      0      
1638195419.6114917      176.160278      -18.066406      30      2      0      
1638195419.7212741      175.034180      84.228516      30      2      0      
1638195419.831978      165.964966      52.307129      30      2      0      
1638195419.9446762      163.531494      -25.207520      30      2      0      
1638195420.0573776      172.622681      -89.721680      30      2      0      
1638195420.1660848      178.489380      -5.004883      30      2      0      
1638195420.277857      174.638672      85.327148      30      2      0      
1638195420.3916106      169.892578      50.231934      30      2      0      
1638195420.49835      165.866089      18.493652      30      2      0      
1638195420.6100526      172.364502      -104.797363      30      2      0      
1638195420.7207575      -179.362793      -26.733398      30      2      0      
1638195420.8324573      179.313354      86.303711      30      2      0      
1638195420.9421642      170.551758      47.363281      30      2      0      
1638195421.0538657      168.244629      -38.879395      30      2      0      
1638195421.165567      177.692871      -113.098145      30      2      0      
1638195421.276271      -176.967773      -5.920410      30      2      0      
1638195421.3869765      179.318848      82.824707      30      2      0      
1638195421.4986768      174.188232      52.795410      30      2      0      
1638195421.6093812      170.386963      18.493652      30      2      0      
1638195421.7200866      176.715088      -112.182617      30      2      0      
1638195421.8307889      -175.193481      -20.263672      30      2      0      
1638195421.9415343      -176.610718      85.998535      30      2      0      
1638195422.0535133      174.303589      47.546387      30      2      0      
1638195422.1632206      172.309570      -46.569824      30      2      0      
1638195422.2739248      -178.033447      -101.440430      30      2      0      
1638195422.385626      -172.710571      -9.155273      30      2      0      
1638195422.4983244      -177.138062      78.918457      30      2      0      
1638195422.608256      178.148804      38.391113      30      2      0      
1638195422.7189596      174.292603      18.310547      30      2      0      
1638195422.829664      -179.401245      -112.854004      30      2      0      
1638195422.9408228      -171.166992      -25.451660      30      2      0      
1638195423.0531788      -172.529297      86.242676      30      2      0      
1638195423.1628866      178.423462      42.480469      30      2      0      
1638195423.2729752      176.742554      -48.522949      30      2      0      
1638195423.3856733      -173.435669      -118.957520      30      2      0      
1638195423.4943829      -168.557739      -10.986328      30      2      0      
1638195423.6079614      -172.584229      85.144043      30      2      0      
1638195423.7176685      -177.335815      39.794922      30      2      0      
1638195423.829437      178.829956      18.615723      30      2      0      
1638195423.9395807      -174.358521      -100.646973      30      2      0      
1638195424.050574      -166.717529      -12.939453      30      2      0      
1638195424.1609805      -167.931519      88.928223      30      2      0      
1638195424.2746787      -177.319336      38.024902      30      2      0      
1638195424.3833854      -178.912354      -60.363770      30      2      0      
1638195424.4935374      -168.964233      -98.876953      30      2      0      
1638195424.6054282      -164.278564      -10.620117      30      2      0      
1638195424.7171268      -168.903809      85.083008      30      2      0      
1638195424.8278317      -173.397217      52.490234      30      2      0      
1638195424.9415278      -176.813965      -78.430176      30      2      0      
1638195425.052234      -167.536011      -81.481934      30      2      0      
1638195425.1619391      -161.735229      -10.498047      30      2      0      
1638195425.2716446      -165.492554      63.171387      30      2      0      
1638195425.3843448      -173.106079      20.874023      30      2      0      
1638195425.497043      -172.672119      -52.795410      30      2      0      
1638195425.6067507      -166.959229      -90.454102      30      2      0      
1638195425.715461      -159.472046      -11.230469      30      2      0      
1638195425.8291574      -161.394653      28.442383      30      2      0      
1638195425.9378674      -169.151001      54.138184      30      2      0      
1638195426.0505633      -171.441650      -7.995605      30      2      0      
1638195426.1603303      -161.883545      -77.697754      30      2      0      
1638195426.2710383      -156.659546      0.305176      30      2      0      
1638195426.3807383      -160.158691      70.190430      30      2      0      
1638195426.4924414      -167.832642      21.545410      30      2      0      
1638195426.6031868      -167.080078      -65.856934      30      2      0      
1638195426.7143764      -161.279297      -76.110840      30      2      0      
1638195426.8260796      -153.253784      -11.779785      30      2      0      
1638195426.9387777      -154.248047      4.760742      30      2      0      
1638195427.0484836      -157.851562      8.483887      30      2      0      
1638195427.159189      -155.538940      -68.359375      30      2      0      
1638195427.2698917      -143.311157      -98.266602      30      2      0      
1638195427.3805957      -136.878662      -11.779785      30      2      0      
