1638196931.2936757      9.371338      -2.807617      30      3      0      
1638196931.4055793      0.263672      138.122559      30      3      0      
1638196931.5172815      -4.180298      -85.144043      30      3      0      
1638196931.62844      4.246216      -137.756348      30      3      0      
1638196931.73838      10.025024      51.269531      30      3      0      
1638196931.848085      -2.960815      35.156250      30      3      0      
1638196931.958879      0.944824      -108.337402      30      3      0      
1638196932.0695844      10.942383      15.197754      30      3      0      
1638196932.181338      -0.439453      131.225586      30      3      0      
1638196932.2940352      0.159302      -108.947754      30      3      0      
1638196932.4047947      11.629028      -22.949219      30      3      0      
1638196932.5164957      1.658936      137.817383      30      3      0      
1638196932.6271996      -1.966553      -83.190918      30      3      0      
1638196932.7374778      6.943359      -145.019531      30      3      0      
1638196932.8491788      12.216797      48.950195      30      3      0      
1638196932.957889      -0.406494      24.414062      30      3      0      
1638196933.069505      5.333862      -130.798340      30      3      0      
1638196933.1802695      14.078979      4.211426      30      3      0      
1638196933.2921426      2.351074      83.801270      30      3      0      
1638196933.4028468      4.345093      -112.426758      30      3      0      
1638196933.514988      15.677490      -22.033691      30      3      0      
1638196933.624693      4.768066      138.427734      30      3      0      
1638196933.736394      2.741089      -101.135254      30      3      0      
1638196933.8475103      12.507935      -155.761719      30      3      0      
1638196933.95859      16.171875      81.604004      30      3      0      
1638196934.0685067      3.729858      31.555176      30      3      0      
1638196934.2171466      10.706177      -137.512207      30      3      0      
1638196934.2919486      18.682251      18.615723      30      3      0      
1638196934.4019244      7.009277      43.151855      30      3      0      
1638196934.5140285      10.848999      -123.901367      30      3      0      
1638196934.6241548      20.846558      -7.507324      30      3      0      
1638196934.735939      9.514160      104.370117      30      3      0      
1638196934.8476405      9.398804      -113.403320      30      3      0      
1638196934.957348      18.803101      -144.287109      30      3      0      
1638196935.0674858      21.978149      87.768555      30      3      0      
1638196935.1772673      9.338379      34.179688      30      3      0      
1638196935.2889676      17.863770      -139.892578      30      3      0      
1638196935.3996725      24.680786      81.726074      30      3      0      
1638196935.512636      12.194824      53.466797      30      3      0      
1638196935.6233783      17.259521      -114.074707      30      3      0      
1638196935.7345164      25.999146      7.751465      30      3      0      
1638196935.8462195      14.617310      61.218262      30      3      0      
1638196935.9563193      15.682983      -118.652344      30      3      0      
1638196936.0660257      25.230103      -118.591309      30      3      0      
1638196936.177728      25.955200      89.843750      30      3      0      
1638196936.2884765      13.848267      32.775879      30      3      0      
1638196936.3991818      23.554688      -141.113281      30      3      0      
1638196936.5108829      29.080811      58.227539      30      3      0      
1638196936.621586      16.907959      36.376953      30      3      0      
1638196936.7332888      24.175415      -136.718750      30      3      0      
1638196936.8447614      31.591187      -6.896973      30      3      0      
1638196936.955465      19.896240      29.968262      30      3      0      
1638196937.066171      21.736450      -129.760742      30      3      0      
1638196937.1779292      31.316528      -135.864258      30      3      0      
1638196937.2888517      31.289062      93.688965      30      3      0      
1638196937.3977926      20.341187      28.808594      30      3      0      
1638196937.5091033      31.058350      -148.437500      30      3      0      
1638196937.6198087      35.381470      85.083008      30      3      0      
1638196937.7320535      23.604126      32.714844      30      3      0      
1638196937.8437548      31.679077      -142.700195      30      3      0      
1638196937.9544587      39.056396      4.211426      30      3      0      
1638196938.0653806      26.757202      35.827637      30      3      0      
1638196938.177081      30.173950      -125.976562      30      3      0      
1638196938.2877858      39.045410      -83.251953      30      3      0      
1638196938.3974922      37.304077      101.379395      30      3      0      
1638196938.508197      27.806396      23.864746      30      3      0      
1638196938.6203332      38.979492      -146.484375      30      3      0      
1638196938.730486      41.890869      88.562012      30      3      0      
1638196938.8431852      30.212402      37.475586      30      3      0      
1638196938.9535184      40.078125      -142.089844      30      3      0      
1638196939.0652196      46.010742      77.880859      30      3      0      
1638196939.1759238      32.958984      32.592773      30      3      0      
1638196939.287696      37.413940      -120.483398      30      3      0      
1638196939.3959477      45.856934      -107.727051      30      3      0      
1638196939.5076492      43.599243      102.661133      30      3      0      
1638196939.617168      34.628906      24.230957      30      3      0      
1638196939.729591      47.032471      -143.371582      30      3      0      
1638196939.840554      47.164307      94.604492      30      3      0      
1638196939.9522557      36.628418      29.235840      30      3      0      
1638196940.0631192      47.433472      -149.414062      30      3      0      
1638196940.17482      51.838989      70.129395      30      3      0      
1638196940.2865205      39.072876      33.752441      30      3      0      
1638196940.3953285      44.681396      -128.540039      30      3      0      
1638196940.5080268      52.558594      -63.354492      30      3      0      
1638196940.6167364      48.499146      115.356445      30      3      0      
1638196940.7284384      40.248413      24.169922      30      3      0      
1638196940.8391411      53.393555      -118.713379      30      3      0      
1638196940.950843      52.591553      89.843750      30      3      0      
1638196941.061546      42.374268      20.690918      30      3      0      
1638196941.173454      53.366089      -149.719238      30      3      0      
1638196941.2851553      56.722412      86.120605      30      3      0      
1638196941.3949358      44.395752      33.813477      30      3      0      
1638196941.5066364      50.048218      -138.977051      30      3      0      
1638196941.6147811      57.886963      -40.100098      30      3      0      
1638196941.7276516      52.300415      125.793457      30      3      0      
1638196941.838357      44.060669      23.803711      30      3      0      
1638196941.9501472      58.233032      -78.369141      30      3      0      
1638196942.0618486      56.052246      104.858398      30      3      0      
1638196942.1725533      46.109619      27.587891      30      3      0      
1638196942.2842565      58.392334      -150.268555      30      3      0      
1638196942.394958      59.913940      93.261719      30      3      0      
1638196942.5048854      48.026733      29.541016      30      3      0      
1638196942.6145928      55.552368      -137.268066      30      3      0      
1638196942.7272918      62.534180      -34.118652      30      3      0      
1638196942.8363798      55.623779      132.080078      30      3      0      
1638196942.9481173      48.191528      -38.208008      30      3      0      
1638196943.0598185      62.166138      -86.364746      30      3      0      
1638196943.1735168      59.078979      111.389160      30      3      0      
1638196943.282228      48.636475      30.334473      30      3      0      
1638196943.3939273      61.078491      -123.779297      30      3      0      
1638196943.503632      62.352905      94.970703      30      3      0      
1638196943.6143367      51.097412      23.010254      30      3      0      
1638196943.7260382      60.001831      -137.390137      30      3      0      
1638196943.8357449      65.775146      -41.259766      30      3      0      
1638196943.94645      58.062744      135.437012      30      3      0      
1638196944.0631368      51.888428      -63.842773      30      3      0      
1638196944.1711242      66.071777      -55.297852      30      3      0      
1638196944.2798307      60.990601      121.154785      30      3      0      
1638196944.392136      51.168823      -4.882812      30      3      0      
1638196944.5022335      63.599854      -141.357422      30      3      0      
1638196944.6129384      63.929443      99.548340      30      3      0      
1638196944.7248983      53.536377      23.315430      30      3      0      
1638196944.8348508      62.858276      -147.338867      30      3      0      
1638196944.9455547      67.615356      -20.141602      30      3      0      
1638196945.0563364      58.705444      135.986328      30      3      0      
1638196945.1690347      54.865723      -22.766113      30      3      0      
1638196945.2808392      68.291016      -33.691406      30      3      0      
1638196945.3905468      62.199097      124.328613      30      3      0      
1638196945.502247      54.036255      -68.847656      30      3      0      
1638196945.6130116      67.208862      -101.684570      30      3      0      
1638196945.7241197      66.154175      116.210938      30      3      0      
1638196945.8334591      55.480957      29.235840      30      3      0      
1638196945.9447377      65.736694      -154.907227      30      3      0      
1638196946.0554416      69.653320      -15.747070      30      3      0      
1638196946.1671433      60.507202      132.934570      30      3      0      
1638196946.2781565      58.304443      -39.428711      30      3      0      
1638196946.3900642      71.065063      -44.616699      30      3      0      
1638196946.5007677      64.270020      131.958008      30      3      0      
1638196946.612469      57.315674      -53.466797      30      3      0      
1638196946.7222116      70.405884      -93.811035      30      3      0      
1638196946.8339126      67.368164      118.408203      30      3      0      
1638196946.944618      57.244263      31.738281      30      3      0      
1638196947.0543244      70.147705      -151.245117      30      3      0      
1638196947.1660256      72.306519      -22.521973      30      3      0      
1638196947.278724      62.341919      141.235352      30      3      0      
1638196947.3896      61.281738      -71.411133      30      3      0      
1638196947.5015297      73.855591      -24.597168      30      3      0      
1638196947.611839      66.242065      132.141113      30      3      0      
1638196947.7219536      60.919189      -97.106934      30      3      0      
1638196947.8339903      74.564209      -58.471680      30      3      0      
1638196947.9457078      71.015625      114.013672      30      3      0      
1638196948.053418      61.424561      14.099121      30      3      0      
1638196948.1661189      74.586182      -131.530762      30      3      0      
1638196948.2758245      77.030640      -24.230957      30      3      0      
1638196948.388522      65.824585      123.291016      30      3      0      
1638196948.5007858      66.571655      -119.079590      30      3      0      
1638196948.6101358      78.288574      -16.845703      30      3      0      
1638196948.7210467      70.120239      134.033203      30      3      0      
1638196948.8312802      66.577148      -77.514648      30      3      0      
1638196948.944203      79.552002      -52.307129      30      3      0      
1638196949.0529108      75.316772      123.535156      30      3      0      
1638196949.163615      67.192383      -64.453125      30      3      0      
1638196949.2743201      81.183472      -80.139160      30      3      0      
1638196949.3870177      79.843140      107.055664      30      3      0      
1638196949.4987197      70.598145      82.519531      30      3      0      
1638196949.608871      73.064575      -98.571777      30      3      0      
1638196949.720831      83.847656      -4.150391      30      3      0      
1638196949.8305387      74.987183      140.747070      30      3      0      
1638196949.9424682      72.169189      -90.637207      30      3      0      
1638196950.0525873      84.633179      -44.616699      30      3      0      
1638196950.162393      78.958740      128.417969      30      3      0      
1638196950.2741683      72.158203      -86.364746      30      3      0      
1638196950.384868      86.511841      -72.143555      30      3      0      
1638196950.4975662      83.732300      111.083984      30      3      0      
1638196950.609267      75.228882      76.721191      30      3      0      
1638196950.7279491      79.145508      -123.535156      30      3      0      
1638196950.829677      89.961548      -11.657715      30      3      0      
1638196950.9416602      79.519043      138.671875      30      3      0      
1638196951.051365      77.860107      -104.797363      30      3      0      
1638196951.161469      90.071411      -26.550293      30      3      0      
1638196951.2721734      82.650146      130.371094      30      3      0      
1638196951.3848722      77.563477      -94.848633      30      3      0      
1638196951.4956412      91.356812      -48.706055      30      3      0      
1638196951.607344      88.236694      113.342285      30      3      0      
1638196951.717242      80.249634      49.743652      30      3      0      
1638196951.8291714      84.528809      -123.840332      30      3      0      
1638196951.9429054      94.718628      13.916016      30      3      0      
1638196952.0526118      83.067627      131.713867      30      3      0      
1638196952.1613207      82.677612      -113.647461      30      3      0      
1638196952.272025      94.432983      -7.385254      30      3      0      
1638196952.3827283      86.022949      134.399414      30      3      0      
1638196952.4956982      82.166748      -102.722168      30      3      0      
1638196952.6061122      95.295410      -42.358398      30      3      0      
1638196952.7170184      90.812988      121.398926      30      3      0      
1638196952.8277228      83.452148      39.794922      30      3      0      
1638196952.9386978      89.670410      -132.080078      30      3      0      
1638196953.0503972      98.745117      34.851074      30      3      0      
1638196953.1601052      86.753540      88.195801      30      3      0      
1638196953.2708104      88.044434      -115.844727      30      3      0      
1638196953.3815124      98.761597      -7.751465      30      3      0      
1638196953.4922173      89.148560      142.883301      30      3      0      
1638196953.6048284      86.385498      -89.233398      30      3      0      
1638196953.715689      99.261475      -22.949219      30      3      0      
1638196953.8267405      93.592529      129.028320      30      3      0      
1638196953.9374447      86.984253      26.977539      30      3      0      
1638196954.0483844      94.147339      -137.939453      30      3      0      
1638196954.1590898      101.568604      28.503418      30      3      0      
1638196954.269792      89.434204      79.650879      30      3      0      
1638196954.381725      91.779785      -124.694824      30      3      0      
1638196954.4914908      102.689209      -14.892578      30      3      0      
1638196954.603193      91.549072      136.169434      30      3      0      
1638196954.714893      90.142822      -103.820801      30      3      0      
1638196954.8250227      102.952881      -8.239746      30      3      0      
1638196954.9367244      95.317383      130.920410      30      3      0      
1638196955.0484252      89.588013      33.935547      30      3      0      
1638196955.1601272      97.174072      -134.704590      30      3      0      
1638196955.268836      104.677734      33.874512      30      3      0      
1638196955.3815355      92.559814      45.471191      30      3      0      
1638196955.4912422      96.937866      -131.652832      30      3      0      
1638196955.6025188      106.759644      2.685547      30      3      0      
1638196955.7142208      94.268188      111.511230      30      3      0      
1638196955.8249254      94.603271      -112.121582      30      3      0      
1638196955.935862      107.083740      -9.216309      30      3      0      
1638196956.046567      98.602295      132.934570      30      3      0      
1638196956.1582677      93.488159      34.362793      30      3      0      
1638196956.26997      102.579346      -137.512207      30      3      0      
1638196956.3796751      108.154907      32.714844      30      3      0      
1638196956.4903796      96.229248      28.198242      30      3      0      
1638196956.6021147      101.810303      -138.061523      30      3      0      
1638196956.712008      110.302734      12.512207      30      3      0      
1638196956.8227124      98.322144      65.307617      30      3      0      
1638196956.934655      100.222778      -123.107910      30      3      0      
1638196957.0463557      111.582642      -17.211914      30      3      0      
1638196957.1570606      101.310425      138.305664      30      3      0      
1638196957.268761      96.602783      36.010742      30      3      0      
1638196957.3784697      106.732178      -142.456055      30      3      0      
1638196957.4891734      111.511230      80.932617      30      3      0      
1638196957.6008737      99.212036      23.315430      30      3      0      
1638196957.7097774      105.562134      -145.507812      30      3      0      
1638196957.8224757      113.291016      5.126953      30      3      0      
1638196957.932401      101.068726      42.663574      30      3      0      
1638196958.0441012      103.947144      -110.473633      30      3      0      
1638196958.1567998      114.911499      -10.009766      30      3      0      
1638196958.2676961      104.150391      137.695312      30      3      0      
1638196958.378055      100.178833      35.095215      30      3      0      
1638196958.4887564      110.698242      -153.991699      30      3      0      
1638196958.600068      114.779663      74.951172      30      3      0      
1638196958.7097745      102.288208      30.456543      30      3      0      
1638196958.8204787      109.544678      -136.474609      30      3      0      
1638196958.9311826      116.669312      13.610840      30      3      0      
1638196959.0438821      104.529419      32.043457      30      3      0      
1638196959.1555834      108.550415      -108.825684      30      3      0      
1638196959.2662878      118.097534      5.371094      30      3      0      
1638196959.3769922      106.155396      111.389160      30      3      0      
1638196959.4874582      103.419800      30.639648      30      3      0      
1638196959.5991576      115.257568      -142.944336      30      3      0      
1638196959.7088642      118.146973      87.158203      30      3      0      
1638196959.8195689      105.501709      34.057617      30      3      0      
1638196959.9302726      114.114990      -140.747070      30      3      0      
1638196960.0421956      120.399170      73.364258      30      3      0      
1638196960.1538968      107.561646      35.095215      30      3      0      
1638196960.2655983      112.769165      -137.695312      30      3      0      
1638196960.3773544      121.289062      16.540527      30      3      0      
1638196960.4870603      110.028076      63.171387      30      3      0      
1638196960.5987618      107.523193      27.770996      30      3      0      
1638196960.7079124      120.454102      -131.347656      30      3      0      
1638196960.8186164      121.157227      98.266602      30      3      0      
1638196960.931316      109.264526      33.935547      30      3      0      
1638196961.0410223      118.679810      -139.038086      30      3      0      
1638196961.1517265      123.777466      58.654785      30      3      0      
1638196961.2646372      111.500244      29.479980      30      3      0      
1638196961.3733468      117.817383      -133.483887      30      3      0      
1638196961.4860454      125.930786      10.864258      30      3      0      
1638196961.5981586      114.076538      61.279297      30      3      0      
1638196961.7072153      112.406616      22.705078      30      3      0      
1638196961.819758      125.837402      -81.542969      30      3      0      
1638196961.9289753      124.749756      97.045898      30      3      0      
1638196962.0408466      113.955688      30.700684      30      3      0      
1638196962.151599      124.024658      -146.484375      30      3      0      
1638196962.262303      128.188477      86.242676      30      3      0      
1638196962.3740048      116.361694      38.269043      30      3      0      
1638196962.4857068      124.293823      -142.028809      30      3      0      
1638196962.5964444      131.775513      5.065918      30      3      0      
1638196962.7063498      119.262085      38.452148      30      3      0      
1638196962.8167183      117.861328      24.291992      30      3      0      
1638196962.9284186      131.693115      -40.344238      30      3      0      
1638196963.038361      129.732056      103.942871      30      3      0      
1638196963.1495507      119.569702      26.000977      30      3      0      
