1638197097.107725      -9.552612      14.770508      30      2.5      0      
1638197097.2188418      1.461182      -83.740234      30      2.5      0      
1638197097.3295467      5.646973      41.137695      30      2.5      0      
1638197097.4412532      -4.762573      90.270996      30      2.5      0      
1638197097.5521665      -7.130127      -50.415039      30      2.5      0      
1638197097.6623173      5.592041      -64.514160      30      2.5      0      
1638197097.7740176      5.806274      82.641602      30      2.5      0      
1638197097.8831232      -0.697632      118.164062      30      2.5      0      
1638197097.9953067      -7.388306      24.047852      30      2.5      0      
1638197098.1080065      3.048706      -86.608887      30      2.5      0      
1638197098.2177112      8.080444      9.521484      30      2.5      0      
1638197098.3288841      -1.274414      62.011719      30      2.5      0      
1638197098.4396722      -5.059204      -89.294434      30      2.5      0      
1638197098.5527797      6.657715      -128.173828      30      2.5      0      
1638197098.6620944      8.833008      51.391602      30      2.5      0      
1638197098.7722309      -2.285156      44.555664      30      2.5      0      
1638197098.8833508      -1.972046      -99.487305      30      2.5      0      
1638197098.993122      5.570068      -132.934570      30      2.5      0      
1638197099.1060429      11.782837      -7.873535      30      2.5      0      
1638197099.2162995      2.059937      64.941406      30      2.5      0      
1638197099.327481      -2.746582      -61.828613      30      2.5      0      
1638197099.4395723      8.673706      -78.430176      30      2.5      0      
1638197099.5502787      11.711426      37.780762      30      2.5      0      
1638197099.6609802      1.455688      86.608887      30      2.5      0      
1638197099.7706873      0.532837      -56.640625      30      2.5      0      
1638197099.8833873      12.689209      -79.772949      30      2.5      0      
1638197099.9930925      12.864990      89.294434      30      2.5      0      
1638197100.1037965      5.575562      116.577148      30      2.5      0      
1638197100.2154987      0.329590      15.747070      30      2.5      0      
1638197100.3272402      12.095947      -90.454102      30      2.5      0      
1638197100.4392078      16.644287      33.142090      30      2.5      0      
1638197100.5489147      6.256714      57.678223      30      2.5      0      
1638197100.659617      3.878174      -99.243164      30      2.5      0      
1638197100.7713203      15.463257      -101.135254      30      2.5      0      
1638197100.8820233      17.391357      82.763672      30      2.5      0      
1638197100.9919312      6.454468      57.800293      30      2.5      0      
1638197101.102718      7.437744      -90.515137      30      2.5      0      
1638197101.2146537      19.226074      -35.461426      30      2.5      0      
1638197101.3255417      20.802612      -18.005371      30      2.5      0      
1638197101.4376612      10.645752      59.631348      30      2.5      0      
1638197101.5484562      7.058716      -87.890625      30      2.5      0      
1638197101.658692      19.226074      -58.532715      30      2.5      0      
1638197101.7710876      22.203369      71.228027      30      2.5      0      
1638197101.8800113      11.189575      72.570801      30      2.5      0      
1638197101.9913425      10.947876      -59.204102      30      2.5      0      
1638197102.1020777      22.785645      -69.274902      30      2.5      0      
1638197102.2127829      22.521973      96.557617      30      2.5      0      
1638197102.323487      12.244263      39.001465      30      2.5      0      
1638197102.4375715      10.794067      -64.697266      30      2.5      0      
1638197102.5492735      22.780151      -64.514160      30      2.5      0      
1638197102.657377      26.691284      61.157227      30      2.5      0      
1638197102.76971      15.650024      59.265137      30      2.5      0      
1638197102.880057      14.436035      -75.805664      30      2.5      0      
1638197102.9891727      26.334229      -72.937012      30      2.5      0      
1638197103.1008742      27.196655      90.148926      30      2.5      0      
1638197103.2105815      16.611328      40.039062      30      2.5      0      
1638197103.3232803      18.940430      -113.891602      30      2.5      0      
1638197103.4339836      29.811401      -42.358398      30      2.5      0      
1638197103.5470355      31.327515      42.602539      30      2.5      0      
1638197103.6561594      20.192871      54.443359      30      2.5      0      
1638197103.7685182      18.078003      -90.820312      30      2.5      0      
1638197103.8792226      30.113525      -57.983398      30      2.5      0      
1638197103.9889293      31.371460      72.937012      30      2.5      0      
1638197104.0990932      21.176147      52.795410      30      2.5      0      
1638197104.210794      22.489014      -105.163574      30      2.5      0      
1638197104.3222456      33.579712      -41.503906      30      2.5      0      
1638197104.4329903      31.393433      110.412598      30      2.5      0      
1638197104.546102      22.082520      31.616211      30      2.5      0      
1638197104.6552334      21.456299      -75.439453      30      2.5      0      
1638197104.7669756      33.601685      -52.795410      30      2.5      0      
1638197104.8790715      35.007935      69.946289      30      2.5      0      
1638197104.9880347      24.301758      39.855957      30      2.5      0      
1638197105.0979402      24.697266      -96.923828      30      2.5      0      
1638197105.209162      35.996704      -40.161133      30      2.5      0      
1638197105.3208644      34.755249      95.336914      30      2.5      0      
1638197105.431802      25.230103      28.442383      30      2.5      0      
1638197105.5444987      28.317261      -122.863770      30      2.5      0      
1638197105.6546538      38.342285      -33.752441      30      2.5      0      
1638197105.76528      38.660889      33.264160      30      2.5      0      
1638197105.8776293      27.388916      37.048340      30      2.5      0      
1638197105.9881756      26.696777      -82.092285      30      2.5      0      
1638197106.0968845      38.671875      -43.334961      30      2.5      0      
1638197106.2084658      38.314819      89.050293      30      2.5      0      
1638197106.3195665      28.119507      27.160645      30      2.5      0      
1638197106.431269      30.745239      -106.567383      30      2.5      0      
1638197106.543005      41.094360      -30.090332      30      2.5      0      
1638197106.6541579      37.468872      112.792969      30      2.5      0      
1638197106.7643366      29.064331      24.414062      30      2.5      0      
1638197106.8760395      29.564209      -67.260742      30      2.5      0      
1638197106.985745      41.682129      -43.457031      30      2.5      0      
1638197107.0974476      42.055664      87.646484      30      2.5      0      
1638197107.2071528      31.530762      37.780762      30      2.5      0      
1638197107.3181603      32.711792      -105.590820      30      2.5      0      
1638197107.4292521      44.181519      -26.184082      30      2.5      0      
1638197107.5409544      41.874390      110.595703      30      2.5      0      
1638197107.6526966      32.563477      23.132324      30      2.5      0      
1638197107.7638278      37.172241      -122.131348      30      2.5      0      
1638197107.8759649      46.510620      -22.338867      30      2.5      0      
1638197107.985367      46.323853      51.330566      30      2.5      0      
1638197108.09629      35.035400      38.330078      30      2.5      0      
1638197108.2087533      35.584717      -107.910156      30      2.5      0      
1638197108.3191445      47.422485      -37.902832      30      2.5      0      
1638197108.4290469      46.296387      88.317871      30      2.5      0      
1638197108.5407484      36.348267      25.573730      30      2.5      0      
1638197108.6514537      40.133057      -120.666504      30      2.5      0      
1638197108.76251      50.273438      -18.005371      30      2.5      0      
1638197108.873256      45.955811      111.572266      30      2.5      0      
1638197108.984957      37.809448      26.611328      30      2.5      0      
1638197109.0957043      38.952026      -12.756348      30      2.5      0      
1638197109.2064097      51.855469      -48.156738      30      2.5      0      
1638197109.3181124      51.542358      87.402344      30      2.5      0      
1638197109.427818      40.830688      29.052734      30      2.5      0      
1638197109.5377147      43.588257      -98.266602      30      2.5      0      
1638197109.6494172      54.321899      -18.798828      30      2.5      0      
1638197109.761013      50.927124      117.126465      30      2.5      0      
1638197109.871941      42.116089      29.357910      30      2.5      0      
1638197109.9831991      48.202515      -127.380371      30      2.5      0      
1638197110.094169      57.266235      -24.780273      30      2.5      0      
1638197110.2057111      56.508179      -0.183105      30      2.5      0      
1638197110.3164978      44.802246      40.588379      30      2.5      0      
1638197110.426411      45.752563      -102.783203      30      2.5      0      
1638197110.5381114      57.903442      -25.817871      30      2.5      0      
1638197110.6489108      55.887451      98.022461      30      2.5      0      
1638197110.759284      45.730591      27.770996      30      2.5      0      
1638197110.8706102      50.295410      -124.450684      30      2.5      0      
1638197110.9826992      59.545898      -15.136719      30      2.5      0      
1638197111.092405      53.574829      120.544434      30      2.5      0      
1638197111.2045028      46.043701      28.320312      30      2.5      0      
1638197111.3164241      47.653198      -34.118652      30      2.5      0      
1638197111.4272006      60.122681      -47.546387      30      2.5      0      
1638197111.5363903      59.035034      100.891113      30      2.5      0      
1638197111.6483092      48.076172      22.338867      30      2.5      0      
1638197111.7601488      51.459961      -101.989746      30      2.5      0      
1638197111.8688564      61.567383      -13.244629      30      2.5      0      
1638197111.980952      57.052002      116.577148      30      2.5      0      
1638197112.092885      48.768311      28.869629      30      2.5      0      
1638197112.2035894      55.881958      -129.638672      30      2.5      0      
1638197112.3156312      63.825073      -22.583008      30      2.5      0      
1638197112.4258134      62.149658      44.494629      30      2.5      0      
1638197112.536718      51.047974      34.423828      30      2.5      0      
1638197112.6477294      52.630005      -106.567383      30      2.5      0      
1638197112.757475      64.506226      -27.465820      30      2.5      0      
1638197112.8681796      61.737671      99.060059      30      2.5      0      
1638197112.9798803      51.844482      24.291992      30      2.5      0      
1638197113.0935776      58.007812      -122.863770      30      2.5      0      
1638197113.2032833      66.571655      -23.925781      30      2.5      0      
1638197113.3149872      59.479980      123.046875      30      2.5      0      
1638197113.4250674      52.811279      25.146484      30      2.5      0      
1638197113.536009      56.013794      -92.285156      30      2.5      0      
1638197113.646712      67.554932      -39.916992      30      2.5      0      
1638197113.7558262      65.330200      78.918457      30      2.5      0      
1638197113.8666139      54.975586      23.132324      30      2.5      0      
1638197113.978782      59.408569      -117.736816      30      2.5      0      
1638197114.0905316      69.114990      -22.521973      30      2.5      0      
1638197114.2026992      63.495483      123.229980      30      2.5      0      
1638197114.312521      55.667725      29.174805      30      2.5      0      
1638197114.4232254      63.863525      -129.821777      30      2.5      0      
1638197114.534369      70.625610      -11.962891      30      2.5      0      
1638197114.6452923      67.846069      35.888672      30      2.5      0      
1638197114.755996      57.546387      35.339355      30      2.5      0      
1638197114.8659248      60.759888      -98.083496      30      2.5      0      
1638197114.9778447      71.141968      -28.869629      30      2.5      0      
1638197115.088843      67.241821      106.567383      30      2.5      0      
1638197115.1999533      58.139648      20.812988      30      2.5      0      
1638197115.3128922      64.929199      -116.455078      30      2.5      0      
1638197115.4225981      72.652588      -15.319824      30      2.5      0      
1638197115.5333006      64.676514      116.638184      30      2.5      0      
1638197115.6455872      58.716431      23.498535      30      2.5      0      
1638197115.7556758      62.852783      -73.608398      30      2.5      0      
1638197115.8648129      73.372192      -36.743164      30      2.5      0      
1638197115.9769475      69.735718      102.111816      30      2.5      0      
1638197116.0879557      60.792847      20.080566      30      2.5      0      
1638197116.1990144      66.665039      -121.765137      30      2.5      0      
1638197116.3109894      75.706787      -11.962891      30      2.5      0      
1638197116.4245746      69.631348      110.473633      30      2.5      0      
1638197116.5323362      62.534180      22.766113      30      2.5      0      
1638197116.6440358      71.768188      -143.310547      30      2.5      0      
1638197116.7540033      78.030396      8.056641      30      2.5      0      
1638197116.8647072      74.476318      66.284180      30      2.5      0      
1638197116.974414      65.500488      24.353027      30      2.5      0      
1638197117.0863621      70.114746      -104.736328      30      2.5      0      
1638197117.19725      79.876099      -26.184082      30      2.5      0      
1638197117.3099997      74.569702      115.356445      30      2.5      0      
1638197117.4211683      66.643066      24.291992      30      2.5      0      
1638197117.5318732      75.091553      -122.192383      30      2.5      0      
1638197117.6429648      81.908569      -6.042480      30      2.5      0      
1638197117.75387      73.877563      118.286133      30      2.5      0      
1638197117.863033      68.505249      -53.466797      30      2.5      0      
1638197117.9739573      79.387207      -134.338379      30      2.5      0      
1638197118.0853333      83.117065      -29.357910      30      2.5      0      
1638197118.1970348      78.612671      82.885742      30      2.5      0      
1638197118.3091063      70.142212      24.291992      30      2.5      0      
1638197118.4192796      77.563477      -124.206543      30      2.5      0      
1638197118.5299835      85.654907      -13.916016      30      2.5      0      
1638197118.64272      78.041382      105.895996      30      2.5      0      
1638197118.752427      71.488037      19.897461      30      2.5      0      
1638197118.8643832      81.952515      -135.986328      30      2.5      0      
1638197118.9730926      86.830444      32.043457      30      2.5      0      
1638197119.0837963      77.316284      125.793457      30      2.5      0      
1638197119.195499      73.828125      25.634766      30      2.5      0      
1638197119.3066373      79.958496      -119.689941      30      2.5      0      
1638197119.4193368      88.385010      -7.629395      30      2.5      0      
1638197119.5295029      82.501831      120.971680      30      2.5      0      
1638197119.6411371      74.899292      24.902344      30      2.5      0      
1638197119.7512362      84.177246      -125.610352      30      2.5      0      
1638197119.8629382      89.857178      6.225586      30      2.5      0      
1638197119.972645      81.304321      100.219727      30      2.5      0      
1638197120.084346      77.448120      -89.050293      30      2.5      0      
1638197120.1944752      88.665161      -125.671387      30      2.5      0      
1638197120.3056152      91.488647      -21.667480      30      2.5      0      
1638197120.4177403      86.000977      122.314453      30      2.5      0      
1638197120.5274472      78.068848      27.221680      30      2.5      0      
1638197120.6407423      87.116089      -124.755859      30      2.5      0      
1638197120.7496977      94.454956      -14.648438      30      2.5      0      
1638197120.8614      85.814209      106.262207      30      2.5      0      
1638197120.9721034      80.106812      -79.833984      30      2.5      0      
1638197121.0830436      91.131592      -120.544434      30      2.5      0      
1638197121.1941743      95.619507      70.312500      30      2.5      0      
1638197121.3041399      85.017700      93.811035      30      2.5      0      
1638197121.4164035      81.688843      29.052734      30      2.5      0      
1638197121.5265832      89.269409      -123.962402      30      2.5      0      
1638197121.6373692      97.481689      -22.094727      30      2.5      0      
1638197121.7493393      89.593506      123.657227      30      2.5      0      
1638197121.8603694      82.540283      17.944336      30      2.5      0      
1638197121.9713285      93.301392      -114.807129      30      2.5      0      
1638197122.0820324      98.948364      65.673828      30      2.5      0      
1638197122.1929612      87.994995      88.989258      30      2.5      0      
1638197122.302707      85.534058      -88.562012      30      2.5      0      
1638197122.4144638      96.904907      -100.341797      30      2.5      0      
1638197122.5261292      99.772339      -31.555176      30      2.5      0      
1638197122.637238      92.384033      122.253418      30      2.5      0      
1638197122.7493744      85.495605      28.747559      30      2.5      0      
1638197122.8600771      95.575562      -126.098633      30      2.5      0      
1638197122.9707813      101.865234      0.854492      30      2.5      0      
1638197123.081918      91.505127      84.777832      30      2.5      0      
1638197123.191709      87.341309      -84.655762      30      2.5      0      
1638197123.3034103      99.250488      -98.510742      30      2.5      0      
1638197123.4133203      102.398071      79.162598      30      2.5      0      
1638197123.5248115      91.203003      77.697754      30      2.5      0      
1638197123.636514      88.698120      29.052734      30      2.5      0      
1638197123.7465992      97.547607      -95.031738      30      2.5      0      
1638197123.8582997      104.941406      -6.469727      30      2.5      0      
1638197123.9690661      95.745850      114.135742      30      2.5      0      
1638197124.081765      90.840454      -70.312500      30      2.5      0      
1638197124.1919134      102.458496      -86.364746      30      2.5      0      
1638197124.3038108      106.358643      66.162109      30      2.5      0      
1638197124.4121666      95.317383      70.434570      30      2.5      0      
1638197124.5243225      94.125366      -72.814941      30      2.5      0      
1638197124.634698      105.946655      -66.101074      30      2.5      0      
1638197124.7454033      108.336182      -19.104004      30      2.5      0      
1638197124.8582995      99.667969      119.506836      30      2.5      0      
1638197124.9684196      93.916626      22.094727      30      2.5      0      
1638197125.0796556      105.386353      -105.895996      30      2.5      0      
1638197125.1917448      110.242310      40.588379      30      2.5      0      
1638197125.3024473      99.475708      83.679199      30      2.5      0      
1638197125.4121554      97.229004      -93.688965      30      2.5      0      
1638197125.5228593      109.033813      -54.931641      30      2.5      0      
1638197125.633564      110.731201      83.312988      30      2.5      0      
1638197125.7442665      100.014038      52.673340      30      2.5      0      
1638197125.8551924      98.085938      25.451660      30      2.5      0      
1638197125.968094      107.781372      -137.329102      30      2.5      0      
1638197126.0781796      113.472290      -7.202148      30      2.5      0      
1638197126.1888847      103.222046      116.149902      30      2.5      0      
1638197126.3028028      99.788818      -69.091797      30      2.5      0      
1638197126.4113193      111.665039      -83.007812      30      2.5      0      
1638197126.5230198      113.378906      71.044922      30      2.5      0      
1638197126.6321514      102.832031      35.583496      30      2.5      0      
1638197126.7428956      103.337402      -101.562500      30      2.5      0      
1638197126.8545969      114.653320      -43.945312      30      2.5      0      
1638197126.9655218      116.246338      1.403809      30      2.5      0      
1638197127.0772238      107.254028      120.117188      30      2.5      0      
1638197127.187928      102.832031      -31.250000      30      2.5      0      
1638197127.2998846      114.395142      -112.731934      30      2.5      0      
1638197127.4100246      117.855835      44.616699      30      2.5      0      
1638197127.5203602      106.781616      51.452637      30      2.5      0      
1638197127.6311517      105.930176      -83.251953      30      2.5      0      
1638197127.741855      117.932739      -44.128418      30      2.5      0      
1638197127.8545547      117.828369      88.012695      30      2.5      0      
1638197127.9642613      107.484741      32.775879      30      2.5      0      
1638197128.075962      106.116943      -24.597168      30      2.5      0      
1638197128.1877108      116.608887      -135.314941      30      2.5      0      
1638197128.2982852      121.146240      1.159668      30      2.5      0      
1638197128.4089892      110.736694      119.750977      30      2.5      0      
1638197128.5209322      108.577881      -67.260742      30      2.5      0      
1638197128.6318874      120.261841      -52.124023      30      2.5      0      
1638197128.7405965      120.761719      81.604004      30      2.5      0      
1638197128.8513012      110.313721      38.146973      30      2.5      0      
1638197128.9633908      111.494751      -106.811523      30      2.5      0      
1638197129.0749254      122.750244      -28.625488      30      2.5      0      
1638197129.1868916      123.458862      19.714355      30      2.5      0      
1638197129.299395      113.735962      118.286133      30      2.5      0      
1638197129.4081461      110.769653      -27.648926      30      2.5      0      
1638197129.5202553      122.865601      -111.694336      30      2.5      0      
1638197129.6300104      124.063110      45.104980      30      2.5      0      
1638197129.74018      113.021851      50.598145      30      2.5      0      
1638197129.8511848      113.543701      -110.961914      30      2.5      0      
1638197129.9632895      125.167236      -31.860352      30      2.5      0      
1638197130.075988      123.486328      93.017578      30      2.5      0      
1638197130.1856966      113.790894      30.883789      30      2.5      0      
1638197130.300388      113.186646      -78.613281      30      2.5      0      
1638197130.407104      124.953003      -125.305176      30      2.5      0      
1638197130.5188046      127.424927      5.798340      30      2.5      0      
1638197130.6295092      117.064819      74.768066      30      2.5      0      
1638197130.738218      115.845337      -16.601562      30      2.5      0      
1638197130.8503237      128.243408      -46.875000      30      2.5      0      
1638197130.9598455      127.853394      83.984375      30      2.5      0      
1638197131.0715468      117.312012      37.292480      30      2.5      0      
1638197131.184707      120.355225      -103.393555      30      2.5      0      
1638197131.2938273      131.116333      -5.798340      30      2.5      0      
1638197131.406567      131.572266      30.090332      30      2.5      0      
1638197131.5176528      121.085815      94.421387      30      2.5      0      
1638197131.6275969      119.289551      -2.990723      30      2.5      0      
1638197131.7385967      131.401978      -101.867676      30      2.5      0      
1638197131.8497434      132.094116      11.169434      30      2.5      0      
1638197131.959855      120.970459      36.193848      30      2.5      0      
1638197132.0717812      121.591187      -68.115234      30      2.5      0      
1638197132.1831002      133.346558      -28.808594      30      2.5      0      
1638197132.2955084      131.209717      94.360352      30      2.5      0      
1638197132.4052145      121.343994      28.686523      30      2.5      0      
1638197132.5171351      121.635132      -90.209961      30      2.5      0      
1638197132.627241      133.159790      -98.266602      30      2.5      0      
1638197132.7381697      134.642944      34.973145      30      2.5      0      
1638197132.8488736      124.090576      69.152832      30      2.5      0      
1638197132.9595776      123.837891      -48.461914      30      2.5      0      
1638197133.0708845      136.071167      -49.621582      30      2.5      0      
1638197133.181643      135.159302      90.759277      30      2.5      0      
1638197133.2934463      124.486084      38.818359      30      2.5      0      
1638197133.4045756      127.831421      -107.727051      30      2.5      0      
1638197133.5152798      138.625488      -26.367188      30      2.5      0      
1638197133.62742      138.284912      64.941406      30      2.5      0      
1638197133.7371266      127.869873      80.322266      30      2.5      0      
1638197133.8508325      127.056885      -15.136719      30      2.5      0      
1638197133.9585345      138.872681      -64.147949      30      2.5      0      
1638197134.0688663      138.834229      50.537109      30      2.5      0      
1638197134.1810024      128.204956      41.198730      30      2.5      0      
1638197134.2920704      130.045166      -111.511230      30      2.5      0      
1638197134.4021618      141.223755      -32.409668      30      2.5      0      
1638197134.5152638      138.389282      100.463867      30      2.5      0      
1638197134.6249719      128.814697      24.719238      30      2.5      0      
1638197134.736672      129.913330      -83.984375      30      2.5      0      
1638197134.8473763      141.262207      -62.255859      30      2.5      0      
1638197134.95808      141.443481      30.761719      30      2.5      0      
1638197135.0677872      130.737305      46.569824      30      2.5      0      
1638197135.1786234      132.341309      -56.945801      30      2.5      0      
1638197135.291373      143.569336      -42.541504      30      2.5      0      
1638197135.4020772      141.613770      102.355957      30      2.5      0      
1638197135.51383      131.132812      26.306152      30      2.5      0      
1638197135.624535      135.796509      -110.107422      30      2.5      0      
1638197135.7362354      145.332642      -25.512695      30      2.5      0      
1638197135.8464153      139.724121      124.023438      30      2.5      0      
1638197135.9561214      133.511353      53.710938      30      2.5      0      
1638197136.0668259      134.522095      -69.152832      30      2.5      0      
1638197136.1777754      145.816040      -42.480469      30      2.5      0      
1638197136.291469      144.255981      50.354004      30      2.5      0      
1638197136.4006128      133.994751      32.775879      30      2.5      0      
1638197136.511317      137.406006      -103.698730      30      2.5      0      
1638197136.622023      148.051758      -17.272949      30      2.5      0      
1638197136.7344704      144.173584      107.666016      30      2.5      0      
1638197136.8461726      135.346069      20.690918      30      2.5      0      
1638197136.9568756      142.053223      -118.896484      30      2.5      0      
1638197137.0679698      148.897705      -40.283203      30      2.5      0      
1638197137.177117      147.777100      48.095703      30      2.5      0      
1638197137.2878213      138.048706      29.907227      30      2.5      0      
1638197137.4005463      141.289673      -84.045410      30      2.5      0      
1638197137.5112512      152.083740      -37.841797      30      2.5      0      
1638197137.6209574      148.650513      105.041504      30      2.5      0      
1638197137.7336578      139.669189      23.437500      30      2.5      0      
1638197137.8445723      145.772095      -119.506836      30      2.5      0      
1638197137.954489      154.830322      -10.375977      30      2.5      0      
1638197138.0659523      148.656006      113.464355      30      2.5      0      
1638197138.1766574      142.640991      29.479980      30      2.5      0      
1638197138.2867742      145.118408      -87.768555      30      2.5      0      
1638197138.3974802      156.187134      -37.902832      30      2.5      0      
1638197138.5088248      153.116455      54.138184      30      2.5      0      
1638197138.6205258      144.063721      24.230957      30      2.5      0      
1638197138.733289      149.100952      -106.323242      30      2.5      0      
1638197138.843624      158.961182      -17.761230      30      2.5      0      
1638197138.9554598      153.006592      117.248535      30      2.5      0      
1638197139.0664742      145.387573      26.367188      30      2.5      0      
1638197139.1766453      153.242798      -125.549316      30      2.5      0      
1638197139.2873497      159.400635      -27.038574      30      2.5      0      
1638197139.3970563      156.434326      68.908691      30      2.5      0      
1638197139.507761      147.447510      27.465820      30      2.5      0      
1638197139.6194623      151.556396      -111.511230      30      2.5      0      
1638197139.7312543      161.861572      -29.052734      30      2.5      0      
1638197139.8423033      156.676025      96.130371      30      2.5      0      
1638197139.9535606      148.216553      27.404785      30      2.5      0      
