1638197726.8151934      27.899780      49.926758      10      2      0      
1638197726.924901      27.240601      -10.009766      10      2      0      
1638197727.0351877      30.080566      -30.883789      10      2      0      
1638197727.1459172      32.184448      -18.920898      10      2      0      
1638197727.255763      33.085327      -2.624512      10      2      0      
1638197727.3665228      30.250854      54.260254      10      2      0      
1638197727.4772267      28.509521      -7.080078      10      2      0      
1638197727.589927      30.031128      -69.091797      10      2      0      
1638197727.7008264      34.431152      -9.460449      10      2      0      
1638197727.812528      34.601440      13.122559      10      2      0      
1638197727.922446      31.118774      24.780273      10      2      0      
1638197728.034146      30.855103      -7.995605      10      2      0      
1638197728.14607      33.618164      -29.296875      10      2      0      
1638197728.2557774      35.848389      -18.981934      10      2      0      
1638197728.366546      36.617432      -1.098633      10      2      0      
1638197728.4762497      33.991699      49.377441      10      2      0      
1638197728.5879521      32.288818      -4.638672      10      2      0      
1638197728.6996534      34.387207      -69.702148      10      2      0      
1638197728.8133495      38.166504      -7.019043      10      2      0      
1638197728.9230568      38.419189      15.930176      10      2      0      
1638197729.0329149      34.991455      24.719238      10      2      0      
1638197729.1430593      34.700317      -7.324219      10      2      0      
1638197729.255758      37.913818      -39.978027      10      2      0      
1638197729.364467      40.654907      1.708984      10      2      0      
1638197729.476169      40.583496      0.122070      10      2      0      
1638197729.5868726      37.908325      50.537109      10      2      0      
1638197729.6987906      36.507568      -3.967285      10      2      0      
1638197729.8107834      38.309326      -69.152832      10      2      0      
1638197729.9234788      42.225952      -9.399414      10      2      0      
1638197730.0321891      42.187500      16.540527      10      2      0      
1638197730.142892      38.523560      32.226562      10      2      0      
1638197730.2544057      38.518066      -6.286621      10      2      0      
1638197730.3641093      41.791992      -39.550781      10      2      0      
1638197730.4748125      44.692383      -2.441406      10      2      0      
1638197730.5875113      44.555054      -3.662109      10      2      0      
1638197730.6974401      41.687622      39.916992      10      2      0      
1638197730.8135624      40.308838      -6.896973      10      2      0      
1638197730.9188619      42.418213      -62.316895      10      2      0      
1638197731.0305634      46.181030      -10.681152      10      2      0      
1638197731.1432624      46.016235      15.747070      10      2      0      
1638197731.2519705      42.203979      25.939941      10      2      0      
1638197731.362702      42.149048      -10.559082      10      2      0      
1638197731.4734068      45.571289      -26.123047      10      2      0      
1638197731.5845516      48.202515      -7.934570      10      2      0      
1638197731.6952562      47.993774      -2.868652      10      2      0      
1638197731.80596      45.230713      41.687012      10      2      0      
1638197731.9196584      43.775024      -2.075195      10      2      0      
1638197732.0313575      45.802002      -66.345215      10      2      0      
1638197732.1410654      49.548340      -11.169434      10      2      0      
1638197732.2517686      49.290161      15.869141      10      2      0      
1638197732.3634696      45.543823      28.747559      10      2      0      
1638197732.4731762      45.505371      -3.601074      10      2      0      
1638197732.5828846      48.828735      -21.728516      10      2      0      
1638197732.6945848      51.234741      -7.080078      10      2      0      
1638197732.8073325      51.009521      0.366211      10      2      0      
1638197732.9180362      48.026733      48.706055      10      2      0      
1638197733.0282226      46.801758      -1.464844      10      2      0      
1638197733.1402059      48.823242      -61.584473      10      2      0      
1638197733.250909      52.728882      -7.812500      10      2      0      
1638197733.3617759      52.454224      18.554688      10      2      0      
1638197733.4724805      48.889160      28.076172      10      2      0      
1638197733.5831847      48.916626      -8.972168      10      2      0      
1638197733.694295      52.531128      -31.188965      10      2      0      
1638197733.804      54.728394      -0.427246      10      2      0      
1638197733.9162405      54.596558      -1.037598      10      2      0      
1638197734.0269983      51.871948      48.583984      10      2      0      
1638197734.1391852      50.855713      -10.742188      10      2      0      
1638197734.2500951      53.074951      -61.279297      10      2      0      
1638197734.360799      56.607056      -7.690430      10      2      0      
1638197734.471751      56.217041      13.793945      10      2      0      
1638197734.5828881      52.750854      18.310547      10      2      0      
1638197734.6928694      53.080444      -8.972168      10      2      0      
1638197734.8047967      56.585083      -33.813477      10      2      0      
1638197734.9155006      58.842773      3.479004      10      2      0      
1638197735.0272846      58.661499      -2.990723      10      2      0      
1638197735.138987      55.750122      41.198730      10      2      0      
1638197735.2479784      55.112915      -1.892090      10      2      0      
1638197735.3597271      57.436523      -52.856445      10      2      0      
1638197735.470683      60.858765      -2.502441      10      2      0      
1638197735.5825565      60.270996      32.287598      10      2      0      
1638197735.6922684      56.991577      30.273438      10      2      0      
1638197735.8044155      57.244263      -8.300781      10      2      0      
1638197735.914123      60.930176      -39.489746      10      2      0      
1638197736.0258238      62.962646      -4.882812      10      2      0      
1638197736.13553      62.759399      -3.234863      10      2      0      
1638197736.248305      59.793091      41.198730      10      2      0      
1638197736.3590097      59.122925      -7.446289      10      2      0      
1638197736.470103      61.490479      -67.382812      10      2      0      
1638197736.5828013      64.517212      -5.676270      10      2      0      
1638197736.6915104      63.748169      23.681641      10      2      0      
1638197736.8056312      60.353394      21.911621      10      2      0      
1638197736.9123466      60.721436      -4.455566      10      2      0      
1638197737.0243456      64.291992      -34.057617      10      2      0      
1638197737.1350477      66.187134      2.197266      10      2      0      
1638197737.245781      65.857544      11.657715      10      2      0      
1638197737.3574831      62.501221      43.334961      10      2      0      
1638197737.4681873      61.902466      -5.737305      10      2      0      
1638197737.579947      64.033813      -56.945801      10      2      0      
1638197737.690842      67.011108      -1.770020      10      2      0      
1638197737.8045375      65.978394      23.498535      10      2      0      
1638197737.9122496      62.352905      17.944336      10      2      0      
1638197738.024371      62.605591      -8.972168      10      2      0      
1638197738.1340768      65.994873      -23.742676      10      2      0      
1638197738.2442455      67.494507      6.774902      10      2      0      
1638197738.3569446      67.027588      6.713867      10      2      0      
1638197738.46765      63.561401      44.250488      10      2      0      
1638197738.5783541      62.726440      -1.159668      10      2      0      
1638197738.6890578      64.885254      -66.406250      10      2      0      
1638197738.8009539      67.521973      -4.272461      10      2      0      
1638197738.9106605      66.291504      17.272949      10      2      0      
1638197739.0229442      62.358398      13.793945      10      2      0      
1638197739.132216      62.633057      -3.845215      10      2      0      
1638197739.2451365      65.939941      -35.217285      10      2      0      
1638197739.354843      67.225342      14.526367      10      2      0      
1638197739.4666002      66.522217      22.094727      10      2      0      
1638197739.5773036      62.819824      39.001465      10      2      0      
1638197739.6890059      62.045288      5.554199      10      2      0      
1638197739.7989867      64.390869      -66.223145      10      2      0      
1638197739.9113462      67.214355      -0.976562      10      2      0      
1638197740.021255      65.808105      33.813477      10      2      0      
1638197740.13196      62.001343      19.958496      10      2      0      
1638197740.2416654      62.363892      -11.230469      10      2      0      
1638197740.3535652      65.522461      -36.071777      10      2      0      
1638197740.465316      66.632080      19.592285      10      2      0      
1638197740.5773547      65.906982      14.221191      10      2      0      
1638197740.689056      62.281494      26.794434      10      2      0      
1638197740.8013241      61.605835      -0.366211      10      2      0      
1638197740.9096608      64.105225      -62.622070      10      2      0      
1638197741.021046      66.500244      -3.601074      10      2      0      
1638197741.1307507      65.137939      50.109863      10      2      0      
1638197741.2417972      61.062012      14.526367      10      2      0      
1638197741.3515027      61.336670      -2.441406      10      2      0      
1638197741.4642012      64.786377      -19.348145      10      2      0      
1638197741.5751383      65.841064      4.333496      10      2      0      
1638197741.686871      65.247803      11.718750      10      2      0      
1638197741.7985754      61.452026      37.414551      10      2      0      
1638197741.9086983      60.974121      2.624512      10      2      0      
1638197742.019313      63.369141      -67.810059      10      2      0      
1638197742.1314425      65.709229      -1.281738      10      2      0      
1638197742.2401516      64.143677      39.428711      10      2      0      
1638197742.3510542      60.650024      19.470215      10      2      0      
1638197742.4626145      61.122437      -12.817383      10      2      0      
1638197742.5743155      64.253540      -41.442871      10      2      0      
1638197742.6860175      65.132446      11.718750      10      2      0      
1638197742.79873      64.374390      21.606445      10      2      0      
1638197742.9078233      60.941162      32.958984      10      2      0      
1638197743.0190845      60.589600      2.136230      10      2      0      
1638197743.1282182      62.627563      -70.068359      10      2      0      
1638197743.240359      65.214844      -4.455566      10      2      0      
1638197743.3500662      63.742676      41.809082      10      2      0      
1638197743.4611723      60.358887      12.390137      10      2      0      
1638197743.5728743      60.853271      -7.263184      10      2      0      
1638197743.6846147      64.044800      -21.911621      10      2      0      
1638197743.7979505      64.907227      5.737305      10      2      0      
1638197743.9062552      64.088745      16.540527      10      2      0      
1638197744.020392      60.754395      32.287598      10      2      0      
1638197744.1295626      60.639038      1.098633      10      2      0      
1638197744.2392697      63.187866      -46.386719      10      2      0      
1638197744.35025      65.352173      -3.112793      10      2      0      
1638197744.4599566      63.770142      32.165527      10      2      0      
1638197744.5722485      60.435791      13.732910      10      2      0      
1638197744.682953      60.858765      -12.939453      10      2      0      
1638197744.793979      64.044800      -19.592285      10      2      0      
1638197744.9050927      64.780884      7.568359      10      2      0      
1638197745.0170326      63.830566      31.250000      10      2      0      
1638197745.1287339      60.474243      22.766113      10      2      0      
1638197745.2374773      60.556641      -5.798340      10      2      0      
1638197745.3487744      63.182373      -44.067383      10      2      0      
1638197745.458695      65.110474      -5.371094      10      2      0      
1638197745.5707786      63.253784      50.231934      10      2      0      
1638197745.6817198      59.880981      11.535645      10      2      0      
1638197745.7939425      60.331421      -4.760742      10      2      0      
1638197745.9049156      63.577881      -24.475098      10      2      0      
1638197746.0166168      64.281006      3.906250      10      2      0      
1638197746.1276042      63.110962      32.165527      10      2      0      
1638197746.238247      59.606323      22.827148      10      2      0      
1638197746.3477721      59.661255      0.793457      10      2      0      
1638197746.4584758      62.495728      -65.185547      10      2      0      
1638197746.569575      64.341431      -3.967285      10      2      0      
1638197746.6802788      62.512207      38.024902      10      2      0      
1638197746.7921267      59.040527      4.882812      10      2      0      
1638197746.9040728      59.276733      0.976562      10      2      0      
1638197747.014842      62.770386      -54.809570      10      2      0      
1638197747.1265438      63.654785      4.455566      10      2      0      
1638197747.2364714      60.814819      15.625000      10      2      0      
1638197747.3481734      58.941650      21.728516      10      2      0      
1638197747.4568822      58.936157      -6.347656      10      2      0      
1638197747.5685837      62.012329      -53.649902      10      2      0      
1638197747.6793494      63.863525      9.155273      10      2      0      
1638197747.791051      61.951904      41.320801      10      2      0      
1638197747.9027522      58.694458      1.281738      10      2      0      
1638197748.0144536      58.727417      -1.708984      10      2      0      
1638197748.1261559      63.039551      -43.579102      10      2      0      
1638197748.2358627      63.693237      2.746582      10      2      0      
1638197748.346567      61.001587      51.330566      10      2      0      
1638197748.4572704      59.188843      19.287109      10      2      0      
1638197748.5669773      59.441528      -4.394531      10      2      0      
1638197748.6786788      62.836304      -61.035156      10      2      0      
1638197748.7897997      64.500732      -3.417969      10      2      0      
1638197748.9014194      62.567139      18.920898      10      2      0      
1638197749.012125      59.573364      2.624512      10      2      0      
1638197749.1248238      60.007324      0.305176      10      2      0      
1638197749.2355278      63.896484      -50.231934      10      2      0      
1638197749.3452346      64.665527      1.953125      10      2      0      
1638197749.4569361      62.006836      35.034180      10      2      0      
1638197749.5670817      60.276489      12.451172      10      2      0      
1638197749.6778562      60.628052      -4.150391      10      2      0      
1638197749.7889402      64.000854      -56.274414      10      2      0      
1638197749.9006429      65.808105      0.000000      10      2      0      
1638197750.010571      63.863525      41.870117      10      2      0      
1638197750.1223085      61.160889      6.042480      10      2      0      
1638197750.2340097      61.506958      -2.380371      10      2      0      
1638197750.3459291      65.533447      -45.715332      10      2      0      
1638197750.4556355      66.395874      -0.183105      10      2      0      
1638197750.5663831      63.599854      29.357910      10      2      0      
1638197750.6774735      61.990356      13.793945      10      2      0      
1638197750.7881765      62.243042      -0.061035      10      2      0      
1638197750.899878      65.363159      -59.387207      10      2      0      
1638197751.0096073      67.439575      6.286621      10      2      0      
1638197751.119732      65.500488      27.221680      10      2      0      
1638197751.2325022      62.962646      4.638672      10      2      0      
1638197751.3432052      63.275757      -15.075684      10      2      0      
1638197751.4539094      67.412109      -32.836914      10      2      0      
1638197751.5656118      68.153687      0.854492      10      2      0      
1638197751.6763148      65.462036      21.118164      10      2      0      
1638197751.786023      63.803101      15.075684      10      2      0      
1638197751.898726      64.187622      -0.610352      10      2      0      
1638197752.008849      67.714233      -67.810059      10      2      0      
1638197752.1196175      68.994141      15.136719      10      2      0      
1638197752.2303212      66.934204      29.846191      10      2      0      
1638197752.3432124      64.522705      3.356934      10      2      0      
1638197752.453917      65.050049      -7.019043      10      2      0      
1638197752.5650432      69.274292      -23.986816      10      2      0      
1638197752.674753      69.966431      1.464844      10      2      0      
1638197752.7854543      66.835327      44.799805      10      2      0      
1638197752.8965397      65.418091      9.277344      10      2      0      
1638197753.007273      65.791626      -0.366211      10      2      0      
1638197753.1189172      69.922485      -66.101074      10      2      0      
1638197753.2296207      70.966187      4.211426      10      2      0      
1638197753.3403254      68.955688      36.437988      10      2      0      
1638197753.4526207      66.637573      4.028320      10      2      0      
1638197753.562918      68.241577      -14.892578      10      2      0      
1638197753.6740775      71.751709      -32.836914      10      2      0      
1638197753.7858193      72.075806      4.760742      10      2      0      
1638197753.8967414      69.274292      17.883301      10      2      0      
1638197754.0058544      67.829590      2.746582      10      2      0      
1638197754.1162434      68.236084      -1.586914      10      2      0      
1638197754.2280054      72.333984      -56.213379      10      2      0      
1638197754.3397386      73.597412      7.202148      10      2      0      
1638197754.4514399      71.713257      26.123047      10      2      0      
1638197754.5625916      69.362183      2.990723      10      2      0      
1638197754.6735036      70.296021      -25.024414      10      2      0      
1638197754.7843702      74.899292      -26.489258      10      2      0      
1638197754.8956244      75.646362      -1.770020      10      2      0      
1638197755.0053742      72.526245      21.240234      10      2      0      
1638197755.1160784      71.180420      1.464844      10      2      0      
1638197755.227964      71.867065      -2.685547      10      2      0      
1638197755.3386683      75.997925      -62.072754      10      2      0      
1638197755.4503684      77.124023      -1.098633      10      2      0      
1638197755.5620728      75.058594      41.748047      10      2      0      
1638197755.6727753      72.872314      0.793457      10      2      0      
1638197755.7834797      73.745728      -48.645020      10      2      0      
1638197755.8951817      78.497314      -38.635254      10      2      0      
1638197756.0052667      78.744507      -1.586914      10      2      0      
1638197756.115254      75.948486      22.277832      10      2      0      
1638197756.2253144      74.674072      -0.122070      10      2      0      
1638197756.3378255      75.151978      -2.197266      10      2      0      
1638197756.4486418      79.376221      -55.053711      10      2      0      
1638197756.5613399      80.700073      0.183105      10      2      0      
1638197756.672044      78.667603      43.212891      10      2      0      
1638197756.78275      76.712036      0.549316      10      2      0      
1638197756.893917      77.986450      -31.555176      10      2      0      
1638197757.004054      82.611694      -31.616211      10      2      0      
1638197757.1147578      82.820435      -2.197266      10      2      0      
1638197757.2249196      79.958496      26.733398      10      2      0      
1638197757.3366225      79.046631      -2.075195      10      2      0      
1638197757.446328      79.771729      -3.051758      10      2      0      
1638197757.5591767      83.919067      -46.142578      10      2      0      
1638197757.671339      85.078125      2.990723      10      2      0      
1638197757.7811198      83.193970      21.545410      10      2      0      
1638197757.893228      81.227417      -1.220703      10      2      0      
1638197758.0049298      82.633667      -28.503418      10      2      0      
1638197758.1136384      87.171021      -31.311035      10      2      0      
1638197758.2233458      87.588501      1.892090      10      2      0      
1638197758.3372755      84.710083      22.644043      10      2      0      
1638197758.4464655      83.578491      2.075195      10      2      0      
1638197758.5571697      84.188232      -0.305176      10      2      0      
1638197758.6678743      88.099365      -45.898438      10      2      0      
1638197758.780007      89.241943      -2.258301      10      2      0      
1638197758.89171      87.275391      47.729492      10      2      0      
1638197759.0034103      85.237427      -2.502441      10      2      0      
1638197759.1131165      86.682129      -15.380859      10      2      0      
1638197759.2238204      91.093140      -36.376953      10      2      0      
1638197759.3345249      91.192017      -0.854492      10      2      0      
1638197759.4449193      88.385010      18.859863      10      2      0      
1638197759.5556223      87.418213      -0.366211      10      2      0      
1638197759.6683214      88.011475      -2.136230      10      2      0      
1638197759.7790253      92.109375      -49.560547      10      2      0      
1638197759.8908236      93.295898      -1.953125      10      2      0      
1638197760.0019703      91.224976      51.574707      10      2      0      
1638197760.1130795      89.511108      -2.624512      10      2      0      
1638197760.223784      91.005249      -36.193848      10      2      0      
1638197760.333531      95.564575      -28.686523      10      2      0      
1638197760.443946      95.515137      0.793457      10      2      0      
1638197760.5546508      92.817993      29.235840      10      2      0      
1638197760.6663523      91.961060      -1.831055      10      2      0      
1638197760.7770562      92.894897      -3.784180      10      2      0      
1638197760.8887973      97.119141      -46.875000      10      2      0      
1638197761.0025635      98.316650      -3.234863      10      2      0      
1638197761.1122718      96.339111      49.804688      10      2      0      
1638197761.221976      94.465942      -4.028320      10      2      0      
1638197761.3336778      95.949097      -48.706055      10      2      0      
1638197761.4433851      100.788574      -29.235840      10      2      0      
1638197761.5540895      101.260986      17.456055      10      2      0      
1638197761.6647928      97.926636      17.028809      10      2      0      
1638197761.7774918      97.113647      -1.159668      10      2      0      
1638197761.8884325      98.201294      -5.737305      10      2      0      
1638197762.001163      102.546387      -41.625977      10      2      0      
1638197762.1101022      103.606567      -0.915527      10      2      0      
1638197762.2214599      101.206055      49.438477      10      2      0      
1638197762.3331618      99.799805      -2.380371      10      2      0      
1638197762.443866      101.563110      -24.291992      10      2      0      
1638197762.552576      106.188354      -17.395020      10      2      0      
1638197762.663279      106.633301      8.789062      10      2      0      
1638197762.7751935      103.276978      30.639648      10      2      0      
1638197762.886387      102.535400      -1.342773      10      2      0      
1638197762.998143      103.677979      -7.934570      10      2      0      
1638197763.1088502      108.303223      -36.437988      10      2      0      
1638197763.2208028      109.302979      -5.920410      10      2      0      
1638197763.3317661      107.265015      58.471680      10      2      0      
1638197763.4424703      105.518188      -5.065918      10      2      0      
1638197763.5521774      107.484741      -51.818848      10      2      0      
1638197763.6628819      112.115479      -26.123047      10      2      0      
1638197763.7735853      112.549438      4.882812      10      2      0      
1638197763.8852875      109.055786      19.836426      10      2      0      
1638197763.9983628      108.566895      -15.808105      10      2      0      
1638197764.1091194      109.275513      -9.094238      10      2      0      
1638197764.218826      114.104004      -35.156250      10      2      0      
1638197764.3305275      114.927979      -1.525879      10      2      0      
1638197764.4412317      112.648315      46.325684      10      2      0      
1638197764.552569      111.384888      -12.634277      10      2      0      
1638197764.6612778      113.477783      -68.237305      10      2      0      
1638197764.7729788      117.938232      -16.235352      10      2      0      
1638197764.884028      118.311768      12.207031      10      2      0      
1638197764.9967272      114.916992      14.709473      10      2      0      
1638197765.1080654      114.587402      -18.066406      10      2      0      
1638197765.2181213      115.521240      -6.958008      10      2      0      
1638197765.3301003      120.173950      -33.203125      10      2      0      
1638197765.4408274      120.811157      -3.967285      10      2      0      
1638197765.551582      118.602905      53.649902      10      2      0      
1638197765.6623223      117.075806      -14.709473      10      2      0      
1638197765.7722857      119.256592      -64.575195      10      2      0      
1638197765.883464      123.552246      -13.977051      10      2      0      
1638197765.995168      123.771973      8.789062      10      2      0      
1638197766.1068692      120.146484      12.023926      10      2      0      
1638197766.2176175      119.849854      -12.634277      10      2      0      
1638197766.3293192      120.959473      -16.662598      10      2      0      
1638197766.4390604      125.436401      -33.691406      10      2      0      
1638197766.5499763      125.848389      -1.586914      10      2      0      
1638197766.6596825      123.425903      46.752930      10      2      0      
1638197766.7714305      122.272339      -7.385254      10      2      0      
1638197766.8821843      124.464111      -34.423828      10      2      0      
1638197766.992888      128.463135      -13.977051      10      2      0      
1638197767.1085818      128.677368      13.854980      10      2      0      
1638197767.2163262      125.172729      18.249512      10      2      0      
1638197767.3280275      125.040894      -12.939453      10      2      0      
1638197767.4377334      126.232910      -2.868652      10      2      0      
1638197767.5499928      130.413208      -34.667969      10      2      0      
1638197767.6606965      131.330566      -4.882812      10      2      0      
1638197767.7694845      128.792725      41.748047      10      2      0      
1638197767.881186      127.359009      -13.305664      10      2      0      
1638197767.9918897      129.276123      -28.320312      10      2      0      
1638197768.1036406      133.390503      -11.962891      10      2      0      
1638197768.2145686      133.538818      10.314941      10      2      0      
1638197768.3264897      129.924316      11.718750      10      2      0      
1638197768.437193      129.765015      -9.460449      10      2      0      
1638197768.5488946      131.011963      2.746582      10      2      0      
1638197768.6595974      135.071411      -28.137207      10      2      0      
1638197768.7703168      135.598755      -3.906250      10      2      0      
1638197768.8804047      133.000488      38.391113      10      2      0      
1638197768.9903548      131.852417      -9.887695      10      2      0      
1638197769.105049      133.989258      -46.081543      10      2      0      
1638197769.213758      137.675171      -8.117676      10      2      0      
1638197769.324679      137.686157      15.686035      10      2      0      
1638197769.436379      134.038696      23.620605      10      2      0      
1638197769.547084      134.071655      -12.084961      10      2      0      
1638197769.658784      135.274658      2.563477      10      2      0      
1638197769.769489      139.136353      -24.414062      10      2      0      
1638197769.8791955      139.713135      1.770020      10      2      0      
1638197769.9901555      136.818237      46.691895      10      2      0      
1638197770.1018572      135.823975      -14.099121      10      2      0      
1638197770.2135594      137.763062      -46.447754      10      2      0      
1638197770.3242621      141.492920      -12.023926      10      2      0      
1638197770.4341733      141.421509      11.657715      10      2      0      
1638197770.5458753      137.807007      13.916016      10      2      0      
1638197770.6575756      137.653198      -8.422852      10      2      0      
1638197770.768282      139.119873      3.112793      10      2      0      
1638197770.878075      142.921143      -27.343750      10      2      0      
1638197770.9917693      143.344116      -2.563477      10      2      0      
1638197771.1014762      140.366821      41.320801      10      2      0      
1638197771.2101889      139.328613      -14.587402      10      2      0      
1638197771.3209066      141.503906      -23.193359      10      2      0      
1638197771.4336054      144.876709      -8.972168      10      2      0      
1638197771.5453281      144.700928      15.502930      10      2      0      
1638197771.6561122      141.053467      13.244629      10      2      0      
1638197771.766816      141.157837      -12.573242      10      2      0      
1638197771.8775206      142.371826      -18.981934      10      2      0      
1638197771.9884386      146.189575      -22.583008      10      2      0      
1638197772.0997326      146.596069      4.577637      10      2      0      
1638197772.2164485      143.448486      49.621582      10      2      0      
1638197772.3231626      142.624512      -19.226074      10      2      0      
1638197772.4331274      144.838257      -16.723633      10      2      0      
1638197772.5438316      148.227539      -4.577637      10      2      0      
1638197772.6545355      147.716675      17.211914      10      2      0      
1638197772.7664938      143.964844      4.394531      10      2      0      
1638197772.8770857      144.085693      -4.638672      10      2      0      
1638197772.9890153      145.783081      0.183105      10      2      0      
1638197773.0997198      149.705200      -13.610840      10      2      0      
1638197773.2094266      149.831543      4.455566      10      2      0      
1638197773.3211281      146.727905      43.945312      10      2      0      
1638197773.4318328      146.079712      -16.113281      10      2      0      
1638197773.5445318      148.430786      -31.677246      10      2      0      
1638197773.6552382      151.792603      -3.112793      10      2      0      
1638197773.7659388      151.265259      21.728516      10      2      0      
1638197773.8786385      147.474976      10.559082      10      2      0      
1638197773.9885743      147.755127      -9.887695      10      2      0      
1638197774.1002758      149.342651      -15.075684      10      2      0      
1638197774.2109792      153.259277      -9.582520      10      2      0      
1638197774.3248906      153.440552      -4.638672      10      2      0      
1638197774.431602      150.150146      42.053223      10      2      0      
1638197774.5425231      149.705200      -23.803711      10      2      0      
1638197774.6522305      152.155151      -32.897949      10      2      0      
1638197774.7649286      155.500488      -7.080078      10      2      0      
1638197774.875831      154.857788      22.460938      10      2      0      
1638197774.9865358      151.138916      7.263184      10      2      0      
1638197775.0966048      151.435547      -4.333496      10      2      0      
1638197775.206429      153.220825      -38.879395      10      2      0      
1638197775.3189197      157.164917      -5.004883      10      2      0      
