1638197877.4955184      24.785156      4.760742      20      2      0      
1638197877.6082182      22.175903      58.532715      20      2      0      
1638197877.7186396      16.973877      28.015137      20      2      0      
1638197877.8293438      16.309204      -63.293457      20      2      0      
1638197877.940434      23.466797      -36.865234      20      2      0      
1638197878.0507822      25.625610      0.549316      20      2      0      
1638197878.1634803      21.555176      41.503906      20      2      0      
1638197878.273187      18.110962      11.047363      20      2      0      
1638197878.3828962      18.143921      5.859375      20      2      0      
1638197878.4955924      24.114990      -74.096680      20      2      0      
1638197878.6062968      27.767944      -8.361816      20      2      0      
1638197878.718      25.427856      33.325195      20      2      0      
1638197878.828854      20.132446      22.033691      20      2      0      
1638197878.9390225      19.819336      -34.484863      20      2      0      
1638197879.050726      26.993408      -28.381348      20      2      0      
1638197879.1606927      29.113770      -2.197266      20      2      0      
1638197879.2718108      25.389404      60.729980      20      2      0      
1638197879.3835118      21.329956      10.375977      20      2      0      
1638197879.4942155      21.176147      3.784180      20      2      0      
1638197879.6059167      26.784668      -66.650391      20      2      0      
1638197879.7176185      30.487061      -8.911133      20      2      0      
1638197879.827327      27.921753      33.569336      20      2      0      
1638197879.9400249      22.604370      16.418457      20      2      0      
1638197880.048734      22.214355      -56.030273      20      2      0      
1638197880.1594381      29.443359      -40.039062      20      2      0      
1638197880.2721364      31.893311      -6.103516      20      2      0      
1638197880.3828404      28.086548      33.569336      20      2      0      
1638197880.4925492      24.142456      6.225586      20      2      0      
1638197880.6052482      24.082031      5.310059      20      2      0      
1638197880.7179472      30.382690      -49.072266      20      2      0      
1638197880.8266544      33.579712      -13.122559      20      2      0      
1638197880.937359      30.855103      30.273438      20      2      0      
1638197881.0500581      25.828857      12.939453      20      2      0      
1638197881.1597667      25.757446      -67.504883      20      2      0      
1638197881.271467      32.920532      -62.500000      20      2      0      
1638197881.381172      35.134277      -1.220703      20      2      0      
1638197881.4913588      31.448364      58.532715      20      2      0      
1638197881.604057      27.366943      2.197266      20      2      0      
1638197881.7132077      27.114258      5.615234      20      2      0      
1638197881.8249104      33.804932      -44.067383      20      2      0      
1638197881.937608      37.304077      -10.620117      20      2      0      
1638197882.047315      34.508057      45.043945      20      2      0      
1638197882.1582935      29.701538      14.770508      20      2      0      
1638197882.269995      29.816895      -80.139160      20      2      0      
1638197882.3806982      37.012939      -46.264648      20      2      0      
1638197882.4894092      39.171753      -3.967285      20      2      0      
1638197882.6011107      35.167236      37.414551      20      2      0      
1638197882.7128117      31.651611      -0.305176      20      2      0      
1638197882.824701      34.123535      -59.020996      20      2      0      
1638197882.934615      38.787231      -56.457520      20      2      0      
1638197883.0467093      41.929321      0.671387      20      2      0      
1638197883.1594074      39.155273      25.695801      20      2      0      
1638197883.2701132      34.595947      13.916016      20      2      0      
1638197883.3790133      34.881592      -48.217773      20      2      0      
1638197883.4908366      41.967773      -44.189453      20      2      0      
1638197883.6005437      44.044189      -0.732422      20      2      0      
1638197883.712246      40.358276      47.851562      20      2      0      
1638197883.822207      36.958008      -3.845215      20      2      0      
1638197883.9339433      39.369507      -64.514160      20      2      0      
1638197884.0460222      44.110107      -84.594727      20      2      0      
1638197884.156935      47.323608      -6.164551      20      2      0      
1638197884.2686374      44.714355      38.696289      20      2      0      
1638197884.3791828      40.440674      9.826660      20      2      0      
1638197884.4911213      40.979004      -30.456543      20      2      0      
1638197884.5992665      47.861938      -37.353516      20      2      0      
1638197884.7099702      50.042725      -0.793457      20      2      0      
1638197884.8216712      46.049194      39.306641      20      2      0      
1638197884.9333735      43.082886      -4.028320      20      2      0      
1638197885.0440774      45.444946      -104.309082      20      2      0      
1638197885.1557786      50.152588      -64.819336      20      2      0      
1638197885.2668555      53.168335      -3.479004      20      2      0      
1638197885.3780987      50.619507      37.841797      20      2      0      
1638197885.4897997      46.598511      11.901855      20      2      0      
1638197885.6015143      47.290649      -22.949219      20      2      0      
1638197885.7092123      54.420776      -48.217773      20      2      0      
1638197885.819917      56.370850      -0.488281      20      2      0      
1638197885.9316194      52.234497      47.180176      20      2      0      
1638197886.0433211      49.295654      -5.859375      20      2      0      
1638197886.1552496      51.976318      -64.392090      20      2      0      
1638197886.2662718      56.568604      -57.189941      20      2      0      
1638197886.376975      59.276733      2.868652      20      2      0      
1638197886.488677      56.607056      40.710449      20      2      0      
1638197886.5976596      52.470703      12.451172      20      2      0      
1638197886.7077494      53.723145      -49.682617      20      2      0      
1638197886.818454      60.622559      -39.306641      20      2      0      
1638197886.930154      62.451782      1.342773      20      2      0      
1638197887.0410542      57.941895      28.259277      20      2      0      
1638197887.1530006      55.321655      -6.896973      20      2      0      
1638197887.2652693      58.260498      -93.811035      20      2      0      
1638197887.3768082      62.858276      -43.518066      20      2      0      
1638197887.4865167      65.374146      6.408691      20      2      0      
1638197887.597733      62.451782      31.616211      20      2      0      
1638197887.7074397      58.721924      8.544922      20      2      0      
1638197887.8181443      60.029297      -43.090820      20      2      0      
1638197887.928849      67.329712      -32.958984      20      2      0      
1638197888.0399914      69.104004      17.822266      20      2      0      
1638197888.1527393      64.259033      41.076660      20      2      0      
1638197888.263444      61.463013      -4.089355      20      2      0      
1638197888.3755405      64.649048      -93.139648      20      2      0      
1638197888.4852474      69.279785      -59.692383      20      2      0      
1638197888.5974905      71.707764      -5.981445      20      2      0      
1638197888.7071972      68.395386      51.086426      20      2      0      
1638197888.8179028      64.533691      5.615234      20      2      0      
1638197888.9290037      66.428833      -37.414551      20      2      0      
1638197889.0397093      73.569946      -40.222168      20      2      0      
1638197889.15169      75.316772      29.052734      20      2      0      
1638197889.2623966      70.136719      31.311035      20      2      0      
1638197889.3745375      67.780151      -8.483887      20      2      0      
1638197889.4846585      70.708008      -41.076660      20      2      0      
1638197889.5956948      75.360718      -48.950195      20      2      0      
1638197889.7066095      77.909546      -4.882812      20      2      0      
1638197889.8176973      74.586182      32.165527      20      2      0      
1638197889.9274037      70.911255      2.319336      20      2      0      
1638197890.0381985      72.982178      -33.996582      20      2      0      
1638197890.1498995      80.112305      -33.020020      20      2      0      
1638197890.2616024      81.397705      32.470703      20      2      0      
1638197890.3725243      76.448364      36.437988      20      2      0      
1638197890.4837317      74.069824      -4.699707      20      2      0      
1638197890.594435      77.475586      -86.181641      20      2      0      
1638197890.7048566      81.436157      -82.092285      20      2      0      
1638197890.8165581      83.858643      -2.075195      20      2      0      
1638197890.9282596      80.463867      58.227539      20      2      0      
1638197891.037994      76.519775      -2.563477      20      2      0      
1638197891.1483178      78.843384      -72.143555      20      2      0      
1638197891.2600863      85.506592      -43.762207      20      2      0      
1638197891.3709857      86.835938      37.292480      20      2      0      
1638197891.4836695      81.639404      25.268555      20      2      0      
1638197891.5934162      79.211426      -2.380371      20      2      0      
1638197891.7041204      82.150269      -30.639648      20      2      0      
1638197891.8148248      86.401978      -74.829102      20      2      0      
1638197891.9265256      89.005737      -9.521484      20      2      0      
1638197892.036233      85.528564      38.330078      20      2      0      
1638197892.1471903      81.941528      5.004883      20      2      0      
1638197892.259088      84.061890      -19.653320      20      2      0      
1638197892.3687954      90.774536      -34.606934      20      2      0      
1638197892.4817069      91.933594      19.470215      20      2      0      
1638197892.5924118      86.830444      31.127930      20      2      0      
1638197892.703115      84.627686      -2.136230      20      2      0      
1638197892.8139398      87.687378      -54.138184      20      2      0      
1638197892.9256403      91.840210      -64.819336      20      2      0      
1638197893.036344      93.993530      -8.789062      20      2      0      
1638197893.1462715      90.631714      62.377930      20      2      0      
1638197893.2590349      87.055664      -0.610352      20      2      0      
1638197893.3687427      89.247437      -33.630371      20      2      0      
1638197893.4794462      95.921631      -26.062012      20      2      0      
1638197893.5911474      96.542358      18.249512      20      2      0      
1638197893.7029421      91.664429      19.836426      20      2      0      
1638197893.8124926      89.664917      1.403809      20      2      0      
1638197893.9255104      93.356323      -69.519043      20      2      0      
1638197894.0352175      97.097168      -73.364258      20      2      0      
1638197894.1449234      99.459229      -10.375977      20      2      0      
1638197894.2573316      95.784302      48.950195      20      2      0      
1638197894.3671062      92.504883      -0.671387      20      2      0      
1638197894.4778104      94.691162      -30.578613      20      2      0      
1638197894.5895133      101.667480      -24.963379      20      2      0      
1638197894.702731      102.161865      5.371094      20      2      0      
1638197894.8126338      97.152100      32.104492      20      2      0      
1638197894.923395      95.339355      -2.075195      20      2      0      
1638197895.033581      99.162598      -103.820801      20      2      0      
1638197895.1454852      103.260498      -67.687988      20      2      0      
1638197895.2574086      105.260010      -10.681152      20      2      0      
1638197895.3657634      101.337891      72.937012      20      2      0      
1638197895.4767325      97.976074      -1.403809      20      2      0      
1638197895.5874379      100.189819      -49.865723      20      2      0      
1638197895.7001355      107.622070      -30.822754      20      2      0      
1638197895.8122199      107.957153      19.287109      20      2      0      
1638197895.9219275      102.694702      26.367188      20      2      0      
1638197896.033033      101.239014      -10.803223      20      2      0      
1638197896.14382      105.260010      -54.626465      20      2      0      
1638197896.2558682      108.934937      -61.828613      20      2      0      
1638197896.3650517      110.956421      -10.437012      20      2      0      
1638197896.4757564      106.605835      54.260254      20      2      0      
1638197896.587457      103.331909      1.037598      20      2      0      
1638197896.698162      105.814819      -28.320312      20      2      0      
1638197896.8103232      112.587891      -27.282715      20      2      0      
1638197896.9220247      113.340454      16.357422      20      2      0      
1638197897.031732      107.402344      30.639648      20      2      0      
1638197897.1436305      105.721436      -7.934570      20      2      0      
1638197897.2553334      109.863281      -94.543457      20      2      0      
1638197897.3645253      113.461304      -52.856445      20      2      0      
1638197897.475228      115.603638      -3.845215      20      2      0      
1638197897.5859325      110.747681      76.599121      20      2      0      
1638197897.697634      107.589111      -2.929688      20      2      0      
1638197897.8083673      110.022583      -33.508301      20      2      0      
1638197897.921066      116.795654      -18.676758      20      2      0      
1638197898.0312607      117.075806      20.385742      20      2      0      
1638197898.1443887      111.170654      32.653809      20      2      0      
1638197898.2543204      109.423828      -3.479004      20      2      0      
1638197898.3654406      113.785400      -94.787598      20      2      0      
1638197898.4731529      117.020874      -60.424805      20      2      0      
1638197898.5851598      118.701782      7.446289      20      2      0      
1638197898.696861      114.032593      69.213867      20      2      0      
1638197898.807787      110.791626      3.540039      20      2      0      
1638197898.9212265      113.269043      -27.832031      20      2      0      
1638197899.029935      119.624634      -18.676758      20      2      0      
1638197899.141637      119.805908      20.385742      20      2      0      
1638197899.253339      114.010620      20.507812      20      2      0      
1638197899.3640423      112.423096      -4.028320      20      2      0      
1638197899.4729993      116.812134      -77.819824      20      2      0      
1638197899.583705      120.025635      -47.363281      20      2      0      
1638197899.695482      121.706543      4.089355      20      2      0      
1638197899.8061862      116.696777      62.011719      20      2      0      
1638197899.9188857      113.768921      -0.183105      20      2      0      
1638197900.0307763      116.367188      -32.897949      20      2      0      
1638197900.1404822      122.805176      -22.277832      20      2      0      
1638197900.252184      122.843628      38.940430      20      2      0      
1638197900.3628879      116.889038      24.597168      20      2      0      
1638197900.4725962      115.576172      -6.530762      20      2      0      
1638197900.5852945      120.009155      -72.631836      20      2      0      
1638197900.694003      124.096069      -5.310059      20      2      0      
1638197900.8057053      123.673096      -3.112793      20      2      0      
1638197900.918403      119.097290      35.522461      20      2      0      
1638197901.0283356      116.334229      -2.441406      20      2      0      
1638197901.1404839      119.146729      -21.789551      20      2      0      
1638197901.2512887      125.018921      -24.353027      20      2      0      
1638197901.3616395      125.156250      29.907227      20      2      0      
1638197901.4723449      119.459839      28.808594      20      2      0      
1638197901.58205      117.987671      -0.061035      20      2      0      
1638197901.6931415      122.788696      -64.636230      20      2      0      
1638197901.8041127      126.776733      -2.807617      20      2      0      
1638197901.9150465      126.925049      9.704590      20      2      0      
1638197902.0267484      121.563721      62.438965      20      2      0      
1638197902.138705      118.992920      -0.976562      20      2      0      
1638197902.2494736      121.926270      -47.973633      20      2      0      
1638197902.3602393      127.919312      -16.296387      20      2      0      
1638197902.4711921      127.941284      30.822754      20      2      0      
1638197902.5821154      122.041626      21.789551      20      2      0      
1638197902.6938152      120.904541      7.202148      20      2      0      
1638197902.803523      125.881348      -69.702148      20      2      0      
1638197902.9158018      129.808960      1.953125      20      2      0      
1638197903.0251327      129.951782      8.483887      20      2      0      
1638197903.1370785      124.458618      47.241211      20      2      0      
1638197903.2492232      122.003174      1.770020      20      2      0      
1638197903.3600628      125.469360      -31.799316      20      2      0      
1638197903.4699688      131.544800      -15.502930      20      2      0      
1638197903.5816717      131.528320      34.362793      20      2      0      
1638197903.6926372      125.447388      24.353027      20      2      0      
1638197903.8023431      124.046631      8.483887      20      2      0      
1638197903.9127085      129.633179      -86.364746      20      2      0      
1638197904.0234125      133.231201      -1.525879      20      2      0      
1638197904.136111      133.390503      6.286621      20      2      0      
1638197904.2475345      127.617188      36.071777      20      2      0      
1638197904.3592355      125.249634      2.258301      20      2      0      
1638197904.468942      128.798218      -41.259766      20      2      0      
1638197904.579647      134.791260      -15.014648      20      2      0      
1638197904.69173      134.516602      54.138184      20      2      0      
1638197904.8014374      128.364258      27.282715      20      2      0      
1638197904.9141865      127.419434      6.103516      20      2      0      
1638197905.0222907      132.648926      -77.819824      20      2      0      
1638197905.1346297      136.345825      0.000000      20      2      0      
1638197905.2454503      136.395264      -3.051758      20      2      0      
1638197905.3565516      130.424194      44.921875      20      2      0      
1638197905.468253      128.161011      6.774902      20      2      0      
1638197905.5789576      132.006226      -37.170410      20      2      0      
1638197905.6906602      137.603760      -15.991211      20      2      0      
1638197905.8013635      137.219238      23.681641      20      2      0      
1638197905.9120665      130.797729      27.587891      20      2      0      
1638197906.0216494      129.693604      6.042480      20      2      0      
1638197906.1350825      135.554810      -74.829102      20      2      0      
1638197906.2437906      138.630981      6.713867      20      2      0      
1638197906.355152      138.663940      3.723145      20      2      0      
1638197906.4668536      132.588501      43.029785      20      2      0      
1638197906.5775578      130.352783      5.920410      20      2      0      
1638197906.6894667      134.197998      -46.020508      20      2      0      
1638197906.8011684      139.702148      -12.573242      20      2      0      
1638197906.9100895      138.795776      53.771973      20      2      0      
1638197907.0208294      132.654419      25.329590      20      2      0      
1638197907.1335816      131.879883      6.652832      20      2      0      
1638197907.242919      137.427979      -67.382812      20      2      0      
1638197907.3536234      140.564575      6.286621      20      2      0      
1638197907.4653244      140.482178      -0.854492      20      2      0      
1638197907.5770261      134.346313      52.978516      20      2      0      
1638197907.6877317      132.275391      4.211426      20      2      0      
1638197907.7994308      136.263428      -45.776367      20      2      0      
1638197907.9097536      141.328125      -10.864258      20      2      0      
1638197908.020657      140.416260      22.094727      20      2      0      
1638197908.1323586      134.522095      17.944336      20      2      0      
1638197908.2410686      133.374023      0.854492      20      2      0      
1638197908.35277      139.564819      -85.571289      20      2      0      
1638197908.464659      142.355347      5.676270      20      2      0      
1638197908.5783546      142.327881      -5.249023      20      2      0      
1638197908.689058      136.560059      43.273926      20      2      0      
1638197908.7997622      134.653931      4.577637      20      2      0      
1638197908.909556      138.663940      -59.387207      20      2      0      
1638197909.0216722      143.893433      -9.948730      20      2      0      
1638197909.130815      143.135376      30.761719      20      2      0      
1638197909.2398858      137.323608      15.747070      20      2      0      
1638197909.3518062      136.389771      3.906250      20      2      0      
1638197909.4629908      142.613525      -81.359863      20      2      0      
1638197909.6195295      145.530396      4.211426      20      2      0      
1638197909.6915529      145.250244      -4.577637      20      2      0      
1638197909.797327      139.504395      40.405273      20      2      0      
1638197909.9090285      137.790527      2.197266      20      2      0      
1638197910.019733      142.091675      -45.349121      20      2      0      
1638197910.1304379      146.969604      -10.192871      20      2      0      
1638197910.2392268      145.980835      32.592773      20      2      0      
1638197910.3499308      140.262451      14.282227      20      2      0      
1638197910.4626296      139.372559      -0.488281      20      2      0      
1638197910.5733364      146.035767      -71.289062      20      2      0      
1638197910.684515      148.601074      5.493164      20      2      0      
1638197910.7962167      148.403320      -5.371094      20      2      0      
1638197910.9081066      142.564087      28.503418      20      2      0      
