1638198508.9178135      5.756836      -43.395996      60      2      0      
1638198509.027715      -3.021240      129.638672      60      2      0      
1638198509.139416      -13.057251      177.062988      60      2      0      
1638198509.2505708      -22.230835      -45.166016      60      2      0      
1638198509.3612752      -9.157104      -146.911621      60      2      0      
1638198509.4719796      6.652222      -47.424316      60      2      0      
1638198509.5828097      0.933838      126.037598      60      2      0      
1638198509.69551      -16.896973      168.090820      60      2      0      
1638198509.8042195      -20.280762      -89.477539      60      2      0      
1638198509.9153798      -5.795288      -164.550781      60      2      0      
1638198510.0284388      8.305664      -21.484375      60      2      0      
1638198510.250376      -12.277222      178.283691      60      2      0      
1638198510.3606005      -21.088257      -33.447266      60      2      0      
1638198510.4715807      -7.981567      -158.935547      60      2      0      
1638198510.581288      7.838745      -49.316406      60      2      0      
1638198510.6929889      1.406250      122.802734      60      2      0      
1638198510.8026965      -15.562134      139.404297      60      2      0      
1638198510.9136183      -19.176636      -91.796875      60      2      0      
1638198511.02532      -4.196777      -160.766602      60      2      0      
1638198511.1380205      9.030762      -8.789062      60      2      0      
1638198511.2482805      -0.972290      140.136719      60      2      0      
1638198511.3589842      -11.206055      179.748535      60      2      0      
1638198511.4706862      -19.896240      -49.194336      60      2      0      
1638198511.5813897      -6.586304      -158.081055      60      2      0      
1638198511.6920938      9.146118      -39.123535      60      2      0      
1638198511.8032143      2.741089      120.178223      60      2      0      
1638198511.9139848      -14.831543      109.313965      60      2      0      
1638198512.0240293      -16.836548      -98.510742      60      2      0      
1638198512.1357303      -2.087402      -170.898438      60      2      0      
1638198512.2464702      11.217041      31.433105      60      2      0      
1638198512.3583772      -0.065918      144.714355      60      2      0      
1638198512.4690814      -9.684448      178.955078      60      2      0      
1638198512.581048      -18.347168      -77.087402      60      2      0      
1638198512.6907568      -4.932861      -153.442383      60      2      0      
1638198512.8014586      11.024780      -54.748535      60      2      0      
1638198512.9135756      4.735107      122.863770      60      2      0      
1638198513.023342      -12.941895      87.341309      60      2      0      
1638198513.1345193      -15.227051      -81.787109      60      2      0      
1638198513.2452235      0.225220      -164.672852      60      2      0      
1638198513.3569248      12.881470      17.395020      60      2      0      
1638198513.4686255      1.845703      145.568848      60      2      0      
1638198513.5788984      -7.706909      178.527832      60      2      0      
1638198513.6916003      -15.655518      -79.101562      60      2      0      
1638198513.8032987      -2.433472      -162.048340      60      2      0      
1638198513.911011      13.331909      -53.771973      60      2      0      
1638198514.0227122      7.014771      124.328613      60      2      0      
1638198514.1336713      -11.607056      102.661133      60      2      0      
1638198514.2433772      -12.974854      -72.021484      60      2      0      
1638198514.3553014      2.576294      -178.039551      60      2      0      
1638198514.467868      14.754639      38.696289      60      2      0      
1638198514.5785718      2.955322      145.385742      60      2      0      
1638198514.6883388      -6.838989      179.016113      60      2      0      
1638198514.8002136      -14.018555      -78.552246      60      2      0      
1638198514.9107401      -1.005249      -163.330078      60      2      0      
1638198515.0218341      14.875488      -54.199219      60      2      0      
1638198515.1315413      8.475952      120.117188      60      2      0      
1638198515.2426324      -9.975586      85.571289      60      2      0      
1638198515.3543344      -11.063232      -82.702637      60      2      0      
1638198515.4660363      5.592041      -186.096191      60      2      0      
1638198515.5777733      16.820068      41.687012      60      2      0      
1638198515.9096859      -10.805054      -85.693359      60      2      0      
1638198516.0206127      2.889404      -164.367676      60      2      0      
1638198516.3523579      -8.184814      99.548340      60      2      0      
1638198516.4652832      -7.965088      -81.542969      60      2      0      
1638198516.575246      9.063721      -186.096191      60      2      0      
1638198516.6876483      19.918213      34.729004      60      2      0      
1638198516.8005686      7.553101      143.554688      60      2      0      
1638198516.9102745      -2.334595      179.199219      60      2      0      
1638198517.019981      0.000000      -105.529785      60      2      0      
1638198517.1316826      8.953857      -184.448242      60      2      0      
1638198517.2406235      21.533203      18.493652      60      2      0      
1638198517.351327      10.821533      140.136719      60      2      0      
1638198517.4630637      -6.679688      78.552246      60      2      0      
1638198517.5736575      -2.982788      -104.919434      60      2      0      
1638198517.6857352      5.575562      -147.460938      60      2      0      
1638198517.7974358      21.719971      -46.447754      60      2      0      
1638198517.9098196      15.205078      120.910645      60      2      0      
1638198518.019707      -2.565308      119.995117      60      2      0      
1638198518.1297877      -2.807007      -108.764648      60      2      0      
1638198518.2395053      13.639526      -186.096191      60      2      0      
1638198518.3504424      24.812622      3.112793      60      2      0      
1638198518.4611459      14.073486      143.737793      60      2      0      
1638198518.5738447      -4.015503      76.721191      60      2      0      
1638198518.6865437      0.950317      -109.252930      60      2      0      
1638198518.7952793      9.310913      -151.428223      60      2      0      
1638198518.9082332      25.142212      -45.593262      60      2      0      
1638198519.018938      18.451538      124.389648      60      2      0      
1638198519.1286786      0.104370      95.458984      60      2      0      
1638198519.2383854      0.137329      -97.656250      60      2      0      
1638198519.3490894      16.243286      -184.753418      60      2      0      
1638198519.4602034      27.438354      17.333984      60      2      0      
1638198519.5719063      16.182861      144.104004      60      2      0      
1638198519.682982      -0.752563      70.678711      60      2      0      
1638198519.7956805      4.218750      -123.046875      60      2      0      
1638198519.9070225      13.507690      -163.269043      60      2      0      
1638198520.0177255      29.064331      -40.283203      60      2      0      
1638198520.1282701      22.615356      119.934082      60      2      0      
1638198520.2376077      4.652710      84.838867      60      2      0      
1638198520.349309      5.130615      -96.069336      60      2      0      
1638198520.459016      22.785645      -188.415527      60      2      0      
1638198520.5707192      32.947998      22.583008      60      2      0      
1638198520.6834173      21.483765      143.371582      60      2      0      
1638198520.7941248      4.932861      68.054199      60      2      0      
1638198520.904825      11.354370      -125.610352      60      2      0      
1638198521.016526      20.126953      -164.611816      60      2      0      
1638198521.1274548      35.145264      -41.809082      60      2      0      
1638198521.2381597      27.465820      125.671387      60      2      0      
1638198521.348323      9.508667      84.167480      60      2      0      
1638198521.4590266      9.915161      -103.576660      60      2      0      
1638198521.5697684      27.108765      -182.800293      60      2      0      
1638198521.6804724      37.545776      33.203125      60      2      0      
1638198521.7926908      25.526733      144.409180      60      2      0      
1638198522.1255572      24.257812      -161.804199      60      2      0      
1638198522.2364786      38.666382      -49.011230      60      2      0      
1638198522.3486736      31.234131      125.000000      60      2      0      
1638198522.4588099      13.216553      81.420898      60      2      0      
1638198522.568981      14.639282      -114.685059      60      2      0      
1638198522.6801143      32.739258      -185.363770      60      2      0      
1638198522.7930744      42.143555      25.634766      60      2      0      
1638198522.9023547      30.223389      144.897461      60      2      0      
1638198523.0140572      13.677979      70.739746      60      2      0      
1638198523.1244602      21.280518      -126.892090      60      2      0      
1638198523.236162      30.206909      -167.358398      60      2      0      
1638198523.3468661      44.818726      24.047852      60      2      0      
1638198523.4575698      33.316040      142.822266      60      2      0      
1638198523.5675852      16.556396      66.162109      60      2      0      
1638198523.6782894      22.302246      -128.112793      60      2      0      
1638198523.7909873      41.671143      -158.203125      60      2      0      
1638198523.9011235      46.181030      67.810059      60      2      0      
1638198524.0138218      40.187988      120.300293      60      2      0      
1638198524.124526      21.681519      91.979980      60      2      0      
1638198524.234877      21.857300      -106.750488      60      2      0      
1638198524.345583      38.941040      -182.861328      60      2      0      
1638198524.457283      49.328613      46.508789      60      2      0      
1638198524.5679872      37.600708      144.470215      60      2      0      
1638198524.6776943      20.549927      68.298340      60      2      0      
1638198524.7895      26.773682      -133.239746      60      2      0      
1638198524.9002054      46.005249      -123.046875      60      2      0      
1638198525.0113056      49.537354      77.392578      60      2      0      
1638198525.1220098      43.456421      122.619629      60      2      0      
