1639870810.4075844      95      
1639870811.41107      94      
1639870812.4173858      126      
1639870813.4224594      180      
1639870814.4237955      195      
1639870815.4325984      187      
1639870816.4381664      218      
1639870817.4393957      315      
1639870818.4476247      469      
1639870819.450241      631      
1639870820.455611      797      
1639870821.463126      963      
1639870822.4678671      1141      
1639870823.4713583      1279      
1639870824.4757679      1298      
1639870825.4803302      1303      
1639870826.487461      1302      
1639870827.4925697      1301      
1639870828.498119      1105      
1639870829.5019443      564      
1639870830.5064979      255      
1639870831.5120935      128      
1639870832.5149407      93      
1639870833.52021      94      
1639870834.5280702      94      
