1639869886.4133208      93      
1639869887.4176464      93      
1639869888.4255555      93      
1639869889.4259806      128      
1639869890.4357188      173      
1639869891.4400678      180      
1639869892.442627      200      
1639869893.4499044      266      
1639869894.4542031      373      
1639869895.458554      485      
1639869896.466821      606      
1639869897.4698212      723      
1639869898.4738047      836      
1639869899.4800868      949      
1639869900.4845595      1065      
1639869901.4890006      1174      
1639869902.49525      1284      
1639869903.5002058      1288      
1639869904.5024586      1293      
1639869905.508711      1302      
1639869906.5145166      1301      
1639869907.51666      1303      
1639869908.5242436      1302      
1639869909.528693      1281      
1639869910.535281      1027      
1639869911.5367525      568      
1639869912.5446086      248      
1639869913.5490549      174      
1639869914.554254      327      
1639869915.5567815      451      
1639869916.5643454      582      
1639869917.5688765      675      
1639869918.575168      792      
1639869919.5794282      655      
1639869920.5844078      193      
1639869921.589379      122      
1639869922.5951252      95      
1639869923.5961032      94      
