1639868998.2855027      95      
1639868999.2928097      94      
1639869000.298131      110      
1639869001.3034337      166      
1639869002.3067646      183      
1639869003.312063      183      
1639869004.315382      220      
1639869005.3233845      332      
1639869006.3279424      481      
1639869007.3324106      640      
1639869008.3377244      802      
1639869009.3417857      966      
1639869010.3464613      1135      
1639869011.3516307      1280      
1639869012.35613      1300      
1639869013.3610697      1303      
1639869014.3683708      1303      
1639869017.3803165      1293      
1639869018.387624      1305      
1639869019.3921387      1146      
1639869020.401439      1055      
1639869021.4141266      1032      
1639869022.4132633      903      
1639869023.4166439      862      
1639869024.4274826      823      
1639869025.4274461      824      
1639869028.437173      1043      
1639869029.4400349      649      
1639869030.4473407      365      
1639869031.4526522      290      
1639869032.4532175      152      
1639869033.4672072      95      
1639869034.4645185      95      
