1639869087.589941      95      
1639869088.5932515      95      
1639869089.6005597      95      
1639869090.6058712      124      
1639869091.6111913      152      
1639869092.6125069      178      
1639869093.6207647      187      
1639869094.6240823      185      
1639869095.6293938      229      
1639869096.6344113      355      
1639869097.6392334      503      
1639869098.64256      672      
1639869099.6495216      837      
1639869100.6520562      1003      
1639869101.6593676      1172      
1639869102.6646743      1272      
1639869103.6699884      1302      
1639869104.675057      1302      
1639869105.6803696      1294      
1639869106.6832411      1290      
1639869107.6865568      963      
1639869108.6940916      519      
1639869109.7006533      180      
1639869110.709569      217      
1639869111.709723      96      
1639869112.7140932      97      
1639869113.7194204      96      
1639869114.7227232      95      
