1639309066.2778716      0.175530      
1639309068.2846966      0.180876      
1639309070.2917328      0.176843      
1639309072.2978415      0.178284      
1639309074.3042293      0.174882      
1639309076.3120756      0.177586      
1639309078.3254473      0.178334      
1639309080.3249793      0.175685      
1639309082.3303328      0.179957      
1639309084.3389542      0.180243      
1639309086.34525      0.177495      
1639309088.3545756      0.176740      
1639309090.362706      0.174084      
1639309092.3691332      0.227952      
1639309094.3755734      0.252040      
1639309096.3811624      0.289060      
1639309098.3900611      0.343715      
1639309100.3936596      0.361377      
1639309102.4030638      0.350505      
1639309104.4084578      0.339743      
1639309106.4438848      0.289283      
1639309108.4482532      0.259827      
1639309110.4429042      0.259742      
1639309112.4460342      0.260542      
1639309114.4425116      0.259832      
1639309116.4499493      0.261005      
1639309118.4564292      0.259794      
1639309124.4792817      0.260434      
1639309126.4867995      0.261974      
1639309130.4984667      0.261152      
1639309132.50895      0.260934      
1639309134.512808      0.252501      
1639309136.5194569      0.260824      
1639309150.570564      0.262069      
1639309152.577137      0.261754      
1639309154.5809116      0.262192      
1639309156.5893803      0.262854      
1639309158.5961602      0.261716      
1639309162.6358473      0.262517      
1639309166.6231787      0.263490      
1639309168.631272      0.262681      
