1640108374.3869028      201      
1640108375.3919616      204      
1640108376.3954668      198      
1640108377.4029264      198      
1640108378.4063468      198      
1640108379.4113944      197      
1640108380.4181511      198      
1640108381.4216194      198      
1640108382.4249954      197      
1640108383.4311395      195      
1640108384.436923      197      
1640108385.440582      197      
1640108386.448226      196      
1640108387.4511535      196      
1640108388.4568937      196      
1640108389.4623058      196      
1640108390.4669814      196      
1640108391.4727008      191      
1640108392.476133      196      
1640108393.4817321      196      
1640108394.487317      194      
1640108395.4919791      195      
1640108396.498227      196      
1640108397.501997      195      
1640108398.5078483      196      
1640108399.5115776      194      
1640108400.517374      196      
1640108401.5212123      196      
1640108402.5264108      186      
1640108417.637759      365      
1640108418.6376402      400      
1640108419.639914      451      
1640108420.6427085      476      
1640108421.636117      459      
1640108422.6387177      467      
1640108423.639039      466      
1640108424.6369262      469      
1640108425.6406147      467      
1640108426.644959      450      
1640108427.6504064      450      
1640108428.6561742      448      
1640108429.6595645      442      
1640108430.6646748      431      
1640108431.6712172      433      
1640108432.6754987      430      
