1640094582.5077515      207      
1640094583.5126681      197      
1640094584.5165915      198      
1640094585.521422      199      
1640094586.5282702      195      
1640094587.5317836      196      
1640094588.5369213      188      
1640094589.5446706      186      
1640094590.547574      195      
1640094591.551755      198      
1640094592.5575523      183      
1640094607.6695588      185      
1640094608.6583223      187      
1640094609.6702907      195      
1640094610.6721702      193      
1640094611.6696954      194      
1640094612.6713765      195      
1640094613.6694498      195      
1640094614.6689887      195      
1640094615.6711273      193      
1640094616.6757028      193      
1640094617.681557      200      
1640094618.686486      240      
1640094619.690416      227      
1640094620.696179      245      
1640094621.7013636      278      
1640094622.7048302      282      
1640094623.7121103      286      
1640094624.7169726      310      
1640094625.7213192      335      
1640094626.726486      336      
1640094627.7315552      365      
1640094628.735466      392      
1640094629.7414432      390      
1640094630.7478194      397      
1640094631.7504613      451      
1640094632.7559144      459      
1640094633.76151      450      
1640094634.7659404      483      
1640094635.7711005      508      
1640094636.7771509      505      
1640094637.7815366      508      
1640094638.7860725      505      
1640094639.79054      506      
1640094640.7963192      505      
1640094641.8002944      513      
1640094642.8060756      526      
1640094643.8117492      532      
1640094644.8156934      526      
1640094645.821496      534      
