1640094429.967628      309      
1640094430.97115      308      
1640094432.9835615      290      
1640094433.9852817      285      
1640094434.9905632      280      
1640094437.000241      263      
1640094438.0046442      253      
1640094447.0925934      192      
1640094448.0924969      194      
1640094449.0942364      179      
1640094450.0939867      190      
1640094451.0915942      193      
1640094452.0934448      193      
1640094453.0918658      193      
1640094454.0927765      193      
1640094455.0913966      192      
1640094456.094279      192      
1640094457.1000757      192      
1640094458.1049643      185      
1640094459.1105013      191      
1640094460.1155455      193      
1640094461.1215444      193      
1640094462.125385      192      
1640094463.1294434      193      
1640094464.1361048      193      
1640094465.1400678      212      
1640094466.1441998      231      
1640094467.1501808      229      
1640094468.155119      250      
1640094469.1606066      276      
1640094470.166947      270      
1640094471.1711211      302      
1640094472.1760545      313      
1640094473.180781      311      
1640094474.18726      338      
1640094475.1900792      363      
1640094476.1947072      367      
1640094477.2009      389      
1640094478.2040837      418      
1640094479.2089443      420      
1640094480.214666      451      
1640094481.2197645      484      
1640094482.2256663      490      
1640094483.230252      485      
1640094495.2898939      652      
1640094496.2948399      676      
1640094497.298716      679      
1640094498.305576      699      
