1640090761.829704      190      
1640090762.8344233      192      
1640090763.8439944      185      
1640090764.8453267      190      
1640090765.849902      190      
1640090766.8554716      183      
1640090767.862897      184      
1640090768.8643122      183      
1640090769.873476      184      
1640090770.8765779      192      
1640090771.8800762      190      
1640090772.8873827      185      
1640090773.8894029      192      
1640090774.894153      192      
1640090775.8995965      184      
1640090776.9075134      190      
1640090777.9088726      194      
1640090778.9150765      185      
1640090779.9204628      189      
1640090780.9248517      178      
1640090781.9302118      180      
1640090782.9352243      177      
1640090783.939605      186      
1640090784.9453619      180      
1640090785.950497      179      
1640090786.954226      188      
1640090787.9597144      190      
1640090788.9655955      180      
1640090789.9693313      180      
1640090790.973821      174      
1640090791.9797218      180      
1640090792.984164      189      
1640090793.9894145      189      
1640090794.9958344      177      
1640090810.1058898      278      
1640090811.108771      291      
1640090812.1076312      298      
1640090813.105618      338      
1640090814.1055748      354      
1640090815.1056879      336      
1640090816.1080055      351      
1640090817.1064856      410      
1640090818.1102586      421      
1640090819.1148334      401      
1640090820.1195948      392      
1640090826.15049      423      
1640090827.154685      402      
1640090828.1595926      395      
1640090829.1631093      425      
1640090830.171008      419      
1640090831.1727602      397      
1640090832.1797965      416      
1640090833.1879098      421      
1640090834.1895766      420      
