1640108191.3554735      197      
1640108192.360596      196      
1640108193.3625972      196      
1640108194.3686998      194      
1640108195.373277      196      
1640108196.3778613      196      
1640108197.384167      196      
1640108198.4065762      196      
1640108199.4017887      196      
1640108200.4030426      188      
1640108201.4038725      196      
1640108202.4074988      196      
1640108203.4134707      195      
1640108204.4197576      192      
1640108205.4224315      195      
1640108206.427462      195      
1640108207.436046      195      
1640108208.4393644      195      
1640108209.4424314      197      
1640108210.448689      195      
1640108211.4530356      195      
1640108212.458237      193      
1640108213.4631028      195      
1640108214.468261      195      
1640108215.47312      195      
1640108216.4778688      195      
1640108217.484091      195      
1640108218.4875965      195      
1640108219.4946456      195      
1640108220.4974334      199      
1640108221.5031471      246      
1640108222.5086482      251      
1640108223.5144281      235      
1640108224.5179682      275      
1640108225.5220854      307      
1640108226.5292327      310      
1640108228.53745      362      
1640108229.5438223      366      
1640108237.5823026      523      
1640108238.5881364      523      
1640108239.5951686      511      
1640108240.598469      507      
1640108241.6038663      498      
