1640095236.9682868      199      
1640095237.9707804      195      
1640095238.978894      196      
1640095239.9861875      197      
1640095240.986581      197      
1640095241.9953232      194      
1640095242.997535      186      
1640095244.0015507      196      
1640095257.0725968      190      
1640095258.10818      193      
1640095259.1077511      195      
1640095260.1089363      192      
1640095261.1095684      193      
1640095262.1104228      193      
1640095263.1071746      193      
1640095264.1091356      195      
1640095265.1086226      195      
1640095267.1176302      195      
1640095268.1220531      195      
1640095269.1263347      202      
1640095270.1320043      244      
1640095271.138261      236      
1640095272.141291      223      
1640095273.1462085      252      
1640095274.1515968      288      
1640095275.1584225      300      
1640095276.16142      280      
1640095277.166919      306      
1640095278.171983      346      
1640095279.176406      345      
1640095280.1820054      336      
1640095281.1873837      366      
1640095282.1915026      409      
1640095283.1970851      399      
1640095284.20256      395      
1640095285.2060366      426      
1640095286.2325046      462      
1640095287.233039      465      
1640095288.2330487      452      
1640095289.2326078      486      
1640095290.234987      484      
1640095291.236673      477      
1640095292.2412791      494      
1640095293.2479177      486      
1640095294.2509055      478      
1640095295.2566094      501      
1640095296.262164      505      
1640095297.2658565      479      
1640095298.2717898      493      
1640095299.279076      515      
1640095300.2810407      507      
1640095301.2879684      487      
1640095302.2925913      486      
1640095303.2956405      506      
1640095304.3004467      490      
