1640095055.8603106      194      
1640095056.862943      196      
1640095057.8691218      193      
1640095058.8747044      196      
1640095059.8778715      195      
1640095060.882533      196      
1640095061.8885975      194      
1640095062.893323      187      
1640095063.8990307      196      
1640095079.014747      195      
1640095080.0151994      195      
1640095081.0138943      206      
1640095082.0175564      224      
1640095083.016003      228      
1640095084.013384      252      
1640095085.014575      253      
1640095086.0142636      244      
1640095087.0150664      281      
1640095088.017166      326      
1640095089.0238588      320      
1640095090.0290556      311      
1640095091.0320077      352      
1640095092.0375621      364      
1640095093.0433438      365      
1640095094.0475502      367      
1640095105.139859      533      
1640095106.1405153      524      
1640095107.1407132      518      
1640095108.1185474      516      
1640095109.124063      515      
1640095110.1275146      512      
1640095111.1338012      523      
