1640107912.301881      195      
1640107913.309808      194      
1640107914.3128762      194      
1640107915.3161807      194      
1640107916.3224316      194      
1640107917.3287268      195      
1640107918.3326771      195      
1640107919.3376305      194      
1640107920.3564138      196      
1640107921.3567197      199      
1640107922.3583357      193      
1640107923.3571236      193      
1640107924.3609512      193      
1640107925.3666406      200      
1640107926.3723881      193      
1640107927.3755758      193      
1640107928.3826423      193      
1640107929.389381      193      
1640107930.3912551      192      
1640107931.3968215      193      
1640107932.4010952      194      
1640107933.406641      192      
1640107934.412098      193      
1640107935.4185624      196      
1640107936.422612      193      
1640107937.426896      195      
1640107938.4317966      194      
1640107939.4368935      196      
1640107940.4462986      197      
1640107941.4479601      219      
1640107942.4523206      230      
1640107943.457275      241      
1640107944.4620776      279      
1640107945.4678347      305      
1640107946.4712014      290      
1640107947.476668      323      
1640107948.4838717      359      
1640107949.4853857      370      
1640107950.493012      373      
1640107951.4982154      397      
1640107957.5283556      505      
1640107958.5308986      505      
1640107960.5444975      511      
1640107961.5485232      513      
1640107962.552084      522      
