1640107698.5551224      199      
1640107699.5620854      198      
1640107700.5644796      199      
1640107701.5695121      197      
1640107702.5758805      195      
1640107703.578683      197      
1640107704.585573      193      
1640107705.5910945      196      
1640107706.5943031      201      
1640107707.5997233      201      
1640107708.605639      196      
1640107709.609659      198      
1640107710.612934      199      
1640107711.619319      195      
1640107712.6256058      193      
1640107713.6298862      195      
1640107714.6349547      193      
1640107715.639698      197      
1640107716.6454172      194      
1640107717.6486146      198      
1640107718.6553967      194      
1640107719.6575506      192      
1640107720.6635394      195      
1640107721.6720734      192      
1640107722.6743739      195      
1640107723.6788378      196      
1640107724.6838048      196      
1640107725.6905713      193      
1640107726.6955283      193      
1640107740.7688255      293      
1640107741.8098037      329      
1640107742.8089254      315      
1640107743.8123426      331      
1640107744.8115826      378      
1640107745.8107164      389      
1640107746.8109622      388      
1640107747.810288      414      
1640107748.8118248      458      
1640107749.8101394      448      
1640107750.8133957      423      
1640107751.8179994      434      
1640107752.8241956      447      
1640107753.8284733      435      
1640107754.833083      442      
1640107755.8383334      455      
1640107756.8441064      445      
1640107757.8483548      444      
1640107758.8550336      428      
1640107759.8605962      466      
1640107760.8645422      472      
1640107761.8687239      447      
1640107762.8757148      436      
