1640092732.3735754      187      
1640092732.8776512      194      
1640092733.3813615      195      
1640092733.8879573      184      
1640092734.3909993      194      
1640092734.8970149      193      
1640092735.4021907      183      
1640092735.9083817      193      
1640092737.4220796      185      
1640092737.9274566      191      
1640092738.4315124      192      
1640092738.9374208      195      
1640092739.4404607      195      
1640092739.9464588      195      
1640092740.4518578      182      
1640092740.9562519      178      
1640092741.4609025      193      
1640092741.9674098      182      
1640092742.4707844      188      
1640092742.9762845      183      
1640092743.4816382      191      
1640092743.9857264      182      
1640092744.491926      184      
1640092744.9992907      189      
1640092745.5017831      179      
1640092746.0094395      180      
1640092746.5127034      180      
1640092747.017181      190      
1640092747.5218632      192      
1640092748.0264854      181      
1640092748.5317476      191      
1640092749.0358431      186      
1640092749.5417109      182      
1640092750.04721      177      
1640092750.5512521      182      
1640092751.056239      182      
1640092751.5617452      183      
1640092752.0655806      184      
1640092752.5720906      191      
1640092753.0785375      181      
1640092753.5809946      190      
1640092754.0866885      185      
1640092754.5926244      191      
1640092761.7012053      190      
1640092762.2023644      190      
1640092762.6893613      190      
1640092763.202942      190      
1640092763.702969      189      
1640092764.1998906      190      
1640092764.701009      189      
1640092765.1992605      183      
1640092765.7007232      218      
1640092766.2054832      199      
1640092766.7113187      193      
1640092767.2156625      192      
1640092767.7205107      191      
1640092768.2257652      198      
1640092768.7315006      217      
1640092769.235751      211      
1640092769.741534      203      
1640092770.2467756      193      
1640092770.7520938      186      
1640092771.256024      192      
1640092771.7634468      195      
1640092772.2664015      201      
1640092772.771168      202      
1640092773.2820053      193      
1640092773.7817261      199      
1640092774.2868252      194      
1640092774.7903454      194      
1640092775.299356      192      
1640092775.8013697      195      
1640092776.3065772      194      
