1640103455.7944715      200      
1640103456.798721      215      
1640103457.805393      221      
1640103458.8100214      199      
1640103465.8439965      200      
1640103466.8499384      201      
1640103467.8540583      195      
1640103468.8595161      197      
1640103469.8636863      195      
1640103470.8687172      194      
1640103471.87397      198      
1640103472.8779995      194      
1640103473.8840766      193      
1640103488.9984105      197      
1640103489.9985175      198      
1640103490.9961932      198      
1640103491.9951584      204      
1640103492.9967973      211      
1640103493.9958475      226      
1640103494.9966905      229      
1640103495.9953935      247      
1640103496.9987874      245      
1640103498.0018802      276      
1640103499.0075448      282      
1640103500.0144038      297      
1640103501.016553      306      
1640103502.0237846      316      
1640103503.0290153      353      
1640103504.0319955      364      
1640103505.0379632      362      
1640103506.0434353      365      
1640103507.0479603      397      
1640103514.1225505      508      
1640103515.1220913      511      
1640103516.0925822      510      
1640103517.1204917      504      
1640103518.123024      501      
1640103519.121824      482      
1640103520.1223242      472      
1640103521.1238334      449      
1640103522.1238875      433      
1640103523.1270134      425      
1640103524.1317773      418      
1640103525.137988      409      
1640103526.1438923      412      
1640103527.1475806      389      
1640103528.151958      371      
1640103529.157362      362      
1640103530.1617234      354      
1640103531.1680965      344      
1640103532.173678      335      
1640103533.1760213      321      
1640103534.1828673      305      
1640103535.187813      286      
1640103536.1929524      276      
1640103537.1976712      251      
1640103538.2020729      244      
1640103539.2061267      221      
1640103540.2117727      204      
1640103541.2179844      201      
1640103542.2222443      204      
1640103543.227578      201      
1640103544.2356377      198      
1640103545.237559      199      
1640103546.2404962      197      
1640103547.247201      202      
