1639315077.647156      0.164216      
1639315079.654528      0.166776      
1639315081.6600475      0.174840      
1639315083.666986      0.166059      
1639315085.6734855      0.177298      
1639315087.6798022      0.166943      
1639315089.6898756      0.167343      
1639315091.6953485      0.174668      
1639315093.704157      0.240365      
1639315095.710075      0.438873      
1639315097.7158573      0.480223      
1639315115.8025482      0.247191      
1639315117.8019593      0.260561      
1639315119.8031683      0.253111      
1639315121.8038826      0.251140      
1639315125.8115528      0.259645      
1639315129.8262606      0.265040      
1639315131.832723      0.300382      
1639315133.8426588      0.357075      
1639315135.84779      0.415800      
1639315137.857078      0.473940      
